For SA: ===================================================================================
Training error: [0.11116056078707447, 0.1106205280408824, 0.1087166679835974, 0.1217964633709131, 0.13448648519747217, 0.14375970989063749, 0.15056330578033836, 0.15556169730869368, 0.15772230174161778, 0.15579917497489931]
Testing error: [0.11121426445522968, 0.111318504889531, 0.11279607478614041, 0.13950051878913436, 0.1622481449634012, 0.17860538049168154, 0.19050651327972359, 0.19926523582527558, 0.20349385564449127, 0.19978266300125724]
Trainig time: [0.018957266807556151, 0.019290900230407713, 0.019427256584167482, 0.019490581750869752, 0.019559011459350586, 0.019526648521423339, 0.019321841512407574, 0.019310924410820007, 0.019225130081176756, 0.019071856498718263]
Testing time: [5.9795379638671871e-06, 6.1678886413574221e-06, 6.3498814900716145e-06, 6.5267086029052734e-06, 6.5078735351562499e-06, 6.3880284627278645e-06, 6.3242231096540181e-06, 6.2990188598632817e-06, 6.2232547336154518e-06, 6.150722503662109e-06]
---------------------------------------------
Training error: [0.13854110598119895, 0.15647972867752499, 0.14539789804908496, 0.14278945838396923, 0.14101672194221015, 0.13890543394196531, 0.1348633931780357, 0.13217981954897351, 0.13005127336504066, 0.12937164696216302, 0.12989487674988509, 0.13150827926886074, 0.13414557912140759]
Testing error: [0.12097525079453807, 0.13397599635590582, 0.12339434450230551, 0.11934081743608438, 0.11417310649698852, 0.11050789669378275, 0.11128321605214146, 0.11399931140545487, 0.11567890241358014, 0.11777197436009436, 0.11961324925375788, 0.12567303241140532, 0.13322119215442998]
Trainig time: [0.017618675231933594, 0.01812898874282837, 0.018183155059814451, 0.01837679624557495, 0.018291379928588865, 0.018391899267832437, 0.018375987325395856, 0.018481587171554566, 0.018475169075859919, 0.018421350002288818, 0.018567965247414327, 0.018575740257898966, 0.018610733105586124]
Testing time: [5.8078765869140624e-06, 6.6614151000976566e-06, 6.8298975626627608e-06, 6.9844722747802738e-06, 6.9103240966796879e-06, 6.8656603495279948e-06, 6.7513329642159601e-06, 6.720423698425293e-06, 6.6746605767144096e-06, 6.6595077514648434e-06, 6.8573518232865767e-06, 6.7937374114990237e-06, 6.7758560180664067e-06]
 For GA: ===================================================================================
Training error:  [0.078400068049750804, 0.077255614756638127, 0.076873775513491505, 0.0766828558919182, 0.076567326783339162, 0.076487335619594254, 0.07642481650369673, 0.076377927166773607, 0.07634145768250003, 0.076311808321375948, 0.076286919720007493]
Testing error: [0.071713468237597291, 0.070515544002334507, 0.070047669449005243, 0.069838041272574966, 0.069740493014849622, 0.069674913351015375, 0.069675956527782454, 0.069673773442666731, 0.069650577057006779, 0.069630835901628621, 0.069623126787014086]
Trainig time: [0.084205098152160651, 0.085757429599761958, 0.083807158470153811, 0.084498915672302249, 0.083970082283020026, 0.084756073951721189, 0.085088606561933247, 0.084723043441772464, 0.084441619979010688, 0.084527087211608884, 0.084602611281655055]
Testing time: [0.03784477710723877, 0.037884182929992676, 0.036933366457621256, 0.037370709180831907, 0.037023440361022952, 0.037275172869364423, 0.0373741204398019, 0.037199370265007019, 0.036987588670518663, 0.036987548828125001, 0.03695627299222079]

Training error:  [0.061169482962274924, 0.059140659442455251, 0.05778698093900015, 0.051897938253770162, 0.044017560855259152, 0.038600167221036139, 0.034568200339830733, 0.031419395107304085, 0.028949926400369166, 0.026967345188457763]
Testing error: [0.055228369800260226, 0.053673205470117086, 0.052670426932799795, 0.046602349781212145, 0.037750337466423402, 0.031458663410778846, 0.026964588718465392, 0.024062207929334847, 0.021400799889658886, 0.019366261539390216]
Trainig time: [0.10321915149688721, 0.099162597656250004, 0.098469696044921881, 0.098450905084609991, 0.097870321273803712, 0.096533530553181965, 0.095485991069248738, 0.096409059762954719, 0.096819185680813255, 0.096717945098876948]
Testing time: [0.046710729598999023, 0.04407419681549072, 0.043587168057759605, 0.043222906589508059, 0.042923662185668947, 0.042384373346964516, 0.041846675191606793, 0.04220729887485504, 0.042466345363193089, 0.042371700286865231]
-------------------------------***********FINISHED************-------------------------------------

