================================================================
dataset.shape: (150, 5)
Sample input dataset:
[[ 6.3  2.5  5.   1.9]
 [ 7.1  3.   5.9  2.1]
 [ 6.1  2.8  4.7  1.2]
 [ 5.   3.   1.6  0.2]
 [ 6.2  2.9  4.3  1.3]]
Sample target dataset:
[[2]
 [2]
 [1]
 [0]
 [1]]
Length of the input and target: 150
----------------------------------------------------
training data length: 105
testing data length: 45
-----------------------------------------------------
Sample encoded target data at training dataset: 
[[0 0 1]
 [0 0 1]
 [0 1 0]
 [0 1 0]
 [1 0 0]]
Sample Class:
[[ 2.]
 [ 2.]
 [ 1.]
 [ 1.]
 [ 0.]]
------------------------------------------------------
by finding good weights for this (simple) network:
NN structure: FeedForwardNetwork-5
   Modules:
    [<LinearLayer 'in'>, <SigmoidLayer 'hidden0'>, <SoftmaxLayer 'out'>]
   Connections:
    [<FullConnection 'FullConnection-3': 'in' -> 'hidden0'>, <FullConnection 'FullConnection-4': 'hidden0' -> 'out'>]

which has 21 trainable parameters.
===============================================================================
(0) Using Backprob~~~~~~~~~~~~~~~~~~~~~~~~~~~~~~~~~~~~~~~~~~~

Training error of BackPropogation:  
[68.57142857142857, 68.57142857142857, 68.57142857142857, 68.57142857142857, 68.57142857142857, 68.57142857142857, 68.57142857142857, 68.57142857142857, 68.57142857142857, 68.57142857142857, 68.57142857142857, 68.57142857142857, 68.57142857142857, 68.57142857142857, 68.57142857142857, 68.57142857142857, 68.57142857142857, 68.57142857142857, 68.57142857142857, 68.57142857142857, 68.57142857142857, 68.57142857142857, 68.57142857142857, 68.57142857142857, 68.57142857142857, 68.57142857142857, 68.57142857142857, 68.57142857142857, 68.57142857142857, 68.57142857142857, 68.57142857142857, 68.57142857142857, 68.57142857142857, 68.57142857142857, 68.57142857142857, 68.57142857142857, 68.57142857142857, 68.57142857142857, 68.57142857142857, 68.57142857142857, 68.57142857142857, 68.57142857142857, 68.57142857142857, 68.57142857142857, 68.57142857142857, 68.57142857142857, 68.57142857142857, 68.57142857142857, 68.57142857142857, 68.57142857142857, 68.57142857142857, 68.57142857142857, 68.57142857142857, 68.57142857142857, 68.57142857142857, 68.57142857142857, 68.57142857142857, 68.57142857142857, 68.57142857142857, 68.57142857142857, 68.57142857142857, 68.57142857142857, 68.57142857142857, 68.57142857142857, 68.57142857142857, 68.57142857142857, 68.57142857142857, 68.57142857142857, 68.57142857142857, 68.57142857142857, 68.57142857142857, 68.57142857142857, 68.57142857142857, 68.57142857142857, 68.57142857142857, 68.57142857142857, 68.57142857142857, 68.57142857142857, 68.57142857142857, 68.57142857142857, 68.57142857142857, 68.57142857142857, 68.57142857142857, 68.57142857142857, 68.57142857142857, 68.57142857142857, 68.57142857142857, 68.57142857142857, 68.57142857142857, 68.57142857142857, 68.57142857142857, 68.57142857142857, 68.57142857142857, 68.57142857142857, 68.57142857142857, 68.57142857142857, 68.57142857142857, 68.57142857142857, 68.57142857142857, 68.57142857142857, 68.57142857142857, 67.61904761904762, 66.66666666666667, 65.71428571428571, 63.80952380952381, 52.38095238095238, 28.571428571428573, 28.571428571428573, 28.571428571428573, 28.571428571428573, 28.571428571428573, 28.571428571428573, 28.571428571428573, 28.571428571428573, 28.571428571428573, 28.571428571428573, 28.571428571428573, 28.571428571428573, 28.571428571428573, 28.571428571428573, 28.571428571428573, 28.571428571428573, 28.571428571428573, 28.571428571428573, 28.571428571428573, 28.571428571428573, 28.571428571428573, 28.571428571428573, 28.571428571428573, 28.571428571428573, 28.571428571428573, 28.571428571428573, 28.571428571428573, 28.571428571428573, 28.571428571428573, 28.571428571428573, 27.61904761904762, 27.61904761904762, 28.571428571428573, 26.666666666666668, 27.61904761904762, 27.61904761904762, 27.61904761904762, 27.61904761904762, 27.61904761904762, 27.61904761904762, 26.666666666666668, 26.666666666666668, 26.666666666666668, 26.666666666666668, 26.666666666666668, 24.761904761904763, 24.761904761904763, 24.761904761904763, 26.666666666666668, 18.095238095238095, 21.904761904761905, 19.047619047619047, 23.80952380952381, 22.857142857142858, 22.857142857142858, 11.428571428571429, 22.857142857142858, 8.571428571428571, 6.666666666666667, 3.8095238095238093, 17.142857142857142, 14.285714285714286, 8.571428571428571, 8.571428571428571, 9.523809523809524, 17.142857142857142, 16.19047619047619, 19.047619047619047, 20.952380952380953, 11.428571428571429, 7.619047619047619, 3.8095238095238093, 4.761904761904762, 9.523809523809524, 3.8095238095238093, 11.428571428571429, 3.8095238095238093, 7.619047619047619, 20.0, 3.8095238095238093, 3.8095238095238093, 9.523809523809524, 13.333333333333334, 7.619047619047619, 6.666666666666667, 3.8095238095238093, 8.571428571428571, 7.619047619047619, 7.619047619047619, 13.333333333333334, 3.8095238095238093, 3.8095238095238093, 10.476190476190476, 3.8095238095238093, 6.666666666666667, 2.857142857142857, 5.714285714285714, 4.761904761904762, 3.8095238095238093, 6.666666666666667, 3.8095238095238093, 6.666666666666667, 4.761904761904762, 2.857142857142857, 2.857142857142857, 4.761904761904762, 2.857142857142857, 3.8095238095238093, 3.8095238095238093, 3.8095238095238093, 2.857142857142857, 4.761904761904762, 8.571428571428571, 7.619047619047619, 4.761904761904762, 6.666666666666667, 3.8095238095238093, 1.9047619047619047, 3.8095238095238093, 3.8095238095238093, 7.619047619047619, 4.761904761904762, 4.761904761904762, 3.8095238095238093, 3.8095238095238093, 3.8095238095238093, 3.8095238095238093, 2.857142857142857, 2.857142857142857, 4.761904761904762, 14.285714285714286, 3.8095238095238093, 1.9047619047619047, 3.8095238095238093, 2.857142857142857, 3.8095238095238093, 3.8095238095238093, 3.8095238095238093, 3.8095238095238093, 3.8095238095238093, 3.8095238095238093, 3.8095238095238093, 3.8095238095238093, 2.857142857142857, 3.8095238095238093, 3.8095238095238093, 6.666666666666667, 3.8095238095238093, 2.857142857142857, 3.8095238095238093, 2.857142857142857, 3.8095238095238093, 2.857142857142857, 4.761904761904762, 7.619047619047619, 3.8095238095238093, 3.8095238095238093, 3.8095238095238093, 3.8095238095238093, 2.857142857142857, 2.857142857142857, 2.857142857142857, 3.8095238095238093, 2.857142857142857, 2.857142857142857, 2.857142857142857, 3.8095238095238093, 3.8095238095238093, 2.857142857142857, 2.857142857142857, 3.8095238095238093, 2.857142857142857, 3.8095238095238093, 3.8095238095238093, 3.8095238095238093, 2.857142857142857, 2.857142857142857, 3.8095238095238093, 4.761904761904762, 4.761904761904762, 4.761904761904762, 3.8095238095238093, 3.8095238095238093, 3.8095238095238093, 3.8095238095238093, 4.761904761904762, 2.857142857142857, 2.857142857142857, 3.8095238095238093, 4.761904761904762, 7.619047619047619, 3.8095238095238093, 3.8095238095238093, 2.857142857142857, 3.8095238095238093, 9.523809523809524, 3.8095238095238093, 3.8095238095238093, 3.8095238095238093, 3.8095238095238093, 4.761904761904762, 6.666666666666667, 2.857142857142857, 5.714285714285714, 2.857142857142857, 2.857142857142857, 3.8095238095238093, 2.857142857142857, 3.8095238095238093, 3.8095238095238093, 4.761904761904762, 5.714285714285714, 4.761904761904762, 3.8095238095238093, 3.8095238095238093, 6.666666666666667, 3.8095238095238093, 3.8095238095238093, 3.8095238095238093, 9.523809523809524, 6.666666666666667, 6.666666666666667, 3.8095238095238093, 3.8095238095238093, 3.8095238095238093, 2.857142857142857, 3.8095238095238093, 3.8095238095238093, 3.8095238095238093, 9.523809523809524, 7.619047619047619, 3.8095238095238093, 2.857142857142857, 2.857142857142857, 5.714285714285714, 3.8095238095238093, 3.8095238095238093, 4.761904761904762, 3.8095238095238093, 3.8095238095238093, 2.857142857142857, 6.666666666666667, 5.714285714285714, 5.714285714285714, 7.619047619047619, 2.857142857142857, 3.8095238095238093, 2.857142857142857, 3.8095238095238093, 3.8095238095238093, 3.8095238095238093, 2.857142857142857, 2.857142857142857, 3.8095238095238093, 3.8095238095238093, 2.857142857142857, 3.8095238095238093, 6.666666666666667, 3.8095238095238093, 2.857142857142857, 2.857142857142857, 4.761904761904762, 5.714285714285714, 4.761904761904762, 2.857142857142857, 3.8095238095238093, 3.8095238095238093, 3.8095238095238093, 2.857142857142857, 6.666666666666667, 6.666666666666667, 3.8095238095238093, 2.857142857142857, 3.8095238095238093, 3.8095238095238093, 2.857142857142857, 4.761904761904762, 2.857142857142857, 2.857142857142857, 3.8095238095238093, 2.857142857142857, 3.8095238095238093, 2.857142857142857, 6.666666666666667, 3.8095238095238093, 4.761904761904762, 3.8095238095238093, 3.8095238095238093, 2.857142857142857, 3.8095238095238093, 3.8095238095238093, 3.8095238095238093, 9.523809523809524, 3.8095238095238093, 2.857142857142857, 2.857142857142857, 3.8095238095238093, 5.714285714285714, 2.857142857142857, 3.8095238095238093, 3.8095238095238093, 3.8095238095238093, 4.761904761904762, 5.714285714285714, 2.857142857142857, 4.761904761904762, 2.857142857142857, 3.8095238095238093, 3.8095238095238093, 3.8095238095238093, 3.8095238095238093, 2.857142857142857, 3.8095238095238093, 3.8095238095238093, 2.857142857142857, 2.857142857142857, 4.761904761904762, 5.714285714285714, 2.857142857142857, 3.8095238095238093, 3.8095238095238093, 3.8095238095238093, 2.857142857142857, 3.8095238095238093, 2.857142857142857, 2.857142857142857, 2.857142857142857, 2.857142857142857, 6.666666666666667, 2.857142857142857, 3.8095238095238093, 1.9047619047619047, 3.8095238095238093, 6.666666666666667, 2.857142857142857, 2.857142857142857, 2.857142857142857, 2.857142857142857, 2.857142857142857, 3.8095238095238093, 2.857142857142857, 5.714285714285714, 3.8095238095238093, 2.857142857142857, 6.666666666666667, 6.666666666666667, 2.857142857142857, 3.8095238095238093, 3.8095238095238093, 2.857142857142857, 2.857142857142857, 8.571428571428571, 7.619047619047619, 2.857142857142857, 3.8095238095238093, 2.857142857142857, 3.8095238095238093, 3.8095238095238093, 3.8095238095238093, 6.666666666666667, 2.857142857142857, 7.619047619047619, 3.8095238095238093, 3.8095238095238093, 2.857142857142857, 6.666666666666667, 3.8095238095238093, 6.666666666666667, 3.8095238095238093, 5.714285714285714, 2.857142857142857, 9.523809523809524, 3.8095238095238093, 8.571428571428571, 3.8095238095238093, 3.8095238095238093, 3.8095238095238093, 3.8095238095238093, 2.857142857142857, 3.8095238095238093, 3.8095238095238093, 2.857142857142857, 1.9047619047619047, 2.857142857142857, 2.857142857142857, 2.857142857142857, 3.8095238095238093, 2.857142857142857, 2.857142857142857, 2.857142857142857, 3.8095238095238093, 2.857142857142857, 6.666666666666667, 3.8095238095238093]
Testing error of BackPropogation:  
[62.22222222222222, 62.22222222222222, 62.22222222222222, 62.22222222222222, 62.22222222222222, 62.22222222222222, 62.22222222222222, 62.22222222222222, 62.22222222222222, 62.22222222222222, 62.22222222222222, 62.22222222222222, 62.22222222222222, 62.22222222222222, 62.22222222222222, 62.22222222222222, 62.22222222222222, 62.22222222222222, 62.22222222222222, 62.22222222222222, 62.22222222222222, 62.22222222222222, 62.22222222222222, 62.22222222222222, 62.22222222222222, 62.22222222222222, 62.22222222222222, 62.22222222222222, 62.22222222222222, 62.22222222222222, 62.22222222222222, 62.22222222222222, 62.22222222222222, 62.22222222222222, 62.22222222222222, 62.22222222222222, 62.22222222222222, 62.22222222222222, 62.22222222222222, 62.22222222222222, 62.22222222222222, 62.22222222222222, 62.22222222222222, 62.22222222222222, 62.22222222222222, 62.22222222222222, 62.22222222222222, 62.22222222222222, 62.22222222222222, 62.22222222222222, 62.22222222222222, 62.22222222222222, 62.22222222222222, 62.22222222222222, 62.22222222222222, 62.22222222222222, 62.22222222222222, 62.22222222222222, 62.22222222222222, 62.22222222222222, 62.22222222222222, 62.22222222222222, 62.22222222222222, 62.22222222222222, 62.22222222222222, 62.22222222222222, 62.22222222222222, 62.22222222222222, 62.22222222222222, 62.22222222222222, 62.22222222222222, 62.22222222222222, 62.22222222222222, 62.22222222222222, 62.22222222222222, 62.22222222222222, 62.22222222222222, 62.22222222222222, 62.22222222222222, 62.22222222222222, 62.22222222222222, 62.22222222222222, 62.22222222222222, 62.22222222222222, 62.22222222222222, 62.22222222222222, 62.22222222222222, 62.22222222222222, 62.22222222222222, 62.22222222222222, 62.22222222222222, 62.22222222222222, 62.22222222222222, 62.22222222222222, 62.22222222222222, 62.22222222222222, 62.22222222222222, 62.22222222222222, 62.22222222222222, 62.22222222222222, 62.22222222222222, 62.22222222222222, 62.22222222222222, 62.22222222222222, 57.77777777777778, 37.77777777777778, 44.44444444444444, 44.44444444444444, 44.44444444444444, 44.44444444444444, 44.44444444444444, 44.44444444444444, 44.44444444444444, 44.44444444444444, 44.44444444444444, 44.44444444444444, 44.44444444444444, 44.44444444444444, 44.44444444444444, 44.44444444444444, 44.44444444444444, 44.44444444444444, 44.44444444444444, 44.44444444444444, 44.44444444444444, 44.44444444444444, 44.44444444444444, 44.44444444444444, 44.44444444444444, 44.44444444444444, 44.44444444444444, 44.44444444444444, 44.44444444444444, 44.44444444444444, 44.44444444444444, 44.44444444444444, 44.44444444444444, 44.44444444444444, 44.44444444444444, 44.44444444444444, 44.44444444444444, 44.44444444444444, 44.44444444444444, 44.44444444444444, 44.44444444444444, 44.44444444444444, 42.22222222222222, 44.44444444444444, 42.22222222222222, 42.22222222222222, 44.44444444444444, 42.22222222222222, 42.22222222222222, 42.22222222222222, 42.22222222222222, 24.444444444444443, 33.333333333333336, 24.444444444444443, 42.22222222222222, 37.77777777777778, 37.77777777777778, 22.22222222222222, 37.77777777777778, 11.11111111111111, 11.11111111111111, 0.0, 24.444444444444443, 24.444444444444443, 11.11111111111111, 11.11111111111111, 13.333333333333334, 24.444444444444443, 24.444444444444443, 24.444444444444443, 28.88888888888889, 20.0, 11.11111111111111, 8.88888888888889, 11.11111111111111, 15.555555555555555, 8.88888888888889, 20.0, 2.2222222222222223, 11.11111111111111, 31.11111111111111, 6.666666666666667, 6.666666666666667, 15.555555555555555, 22.22222222222222, 11.11111111111111, 11.11111111111111, 2.2222222222222223, 15.555555555555555, 11.11111111111111, 13.333333333333334, 22.22222222222222, 6.666666666666667, 8.88888888888889, 17.77777777777778, 8.88888888888889, 4.444444444444445, 0.0, 11.11111111111111, 11.11111111111111, 2.2222222222222223, 11.11111111111111, 4.444444444444445, 11.11111111111111, 11.11111111111111, 2.2222222222222223, 2.2222222222222223, 11.11111111111111, 2.2222222222222223, 4.444444444444445, 4.444444444444445, 6.666666666666667, 2.2222222222222223, 8.88888888888889, 4.444444444444445, 13.333333333333334, 11.11111111111111, 11.11111111111111, 4.444444444444445, 0.0, 4.444444444444445, 8.88888888888889, 4.444444444444445, 8.88888888888889, 8.88888888888889, 2.2222222222222223, 4.444444444444445, 4.444444444444445, 4.444444444444445, 2.2222222222222223, 2.2222222222222223, 11.11111111111111, 22.22222222222222, 4.444444444444445, 0.0, 4.444444444444445, 2.2222222222222223, 4.444444444444445, 8.88888888888889, 8.88888888888889, 4.444444444444445, 4.444444444444445, 8.88888888888889, 4.444444444444445, 8.88888888888889, 2.2222222222222223, 2.2222222222222223, 8.88888888888889, 13.333333333333334, 4.444444444444445, 2.2222222222222223, 2.2222222222222223, 2.2222222222222223, 8.88888888888889, 2.2222222222222223, 8.88888888888889, 4.444444444444445, 4.444444444444445, 4.444444444444445, 4.444444444444445, 8.88888888888889, 2.2222222222222223, 2.2222222222222223, 2.2222222222222223, 4.444444444444445, 2.2222222222222223, 2.2222222222222223, 2.2222222222222223, 8.88888888888889, 4.444444444444445, 2.2222222222222223, 2.2222222222222223, 4.444444444444445, 2.2222222222222223, 4.444444444444445, 8.88888888888889, 2.2222222222222223, 2.2222222222222223, 2.2222222222222223, 4.444444444444445, 8.88888888888889, 8.88888888888889, 8.88888888888889, 4.444444444444445, 4.444444444444445, 4.444444444444445, 8.88888888888889, 8.88888888888889, 2.2222222222222223, 2.2222222222222223, 2.2222222222222223, 8.88888888888889, 4.444444444444445, 4.444444444444445, 4.444444444444445, 2.2222222222222223, 4.444444444444445, 4.444444444444445, 4.444444444444445, 2.2222222222222223, 2.2222222222222223, 2.2222222222222223, 8.88888888888889, 11.11111111111111, 2.2222222222222223, 11.11111111111111, 2.2222222222222223, 2.2222222222222223, 4.444444444444445, 2.2222222222222223, 2.2222222222222223, 2.2222222222222223, 8.88888888888889, 11.11111111111111, 11.11111111111111, 4.444444444444445, 4.444444444444445, 13.333333333333334, 4.444444444444445, 4.444444444444445, 2.2222222222222223, 4.444444444444445, 13.333333333333334, 13.333333333333334, 6.666666666666667, 4.444444444444445, 4.444444444444445, 2.2222222222222223, 2.2222222222222223, 4.444444444444445, 4.444444444444445, 4.444444444444445, 4.444444444444445, 4.444444444444445, 0.0, 2.2222222222222223, 11.11111111111111, 6.666666666666667, 4.444444444444445, 11.11111111111111, 8.88888888888889, 4.444444444444445, 0.0, 13.333333333333334, 4.444444444444445, 11.11111111111111, 4.444444444444445, 2.2222222222222223, 6.666666666666667, 2.2222222222222223, 2.2222222222222223, 4.444444444444445, 2.2222222222222223, 2.2222222222222223, 2.2222222222222223, 4.444444444444445, 4.444444444444445, 2.2222222222222223, 4.444444444444445, 13.333333333333334, 8.88888888888889, 2.2222222222222223, 2.2222222222222223, 8.88888888888889, 11.11111111111111, 8.88888888888889, 2.2222222222222223, 2.2222222222222223, 4.444444444444445, 2.2222222222222223, 2.2222222222222223, 4.444444444444445, 13.333333333333334, 4.444444444444445, 2.2222222222222223, 8.88888888888889, 8.88888888888889, 2.2222222222222223, 8.88888888888889, 2.2222222222222223, 2.2222222222222223, 6.666666666666667, 2.2222222222222223, 4.444444444444445, 2.2222222222222223, 13.333333333333334, 4.444444444444445, 8.88888888888889, 2.2222222222222223, 4.444444444444445, 2.2222222222222223, 6.666666666666667, 2.2222222222222223, 4.444444444444445, 15.555555555555555, 6.666666666666667, 2.2222222222222223, 2.2222222222222223, 8.88888888888889, 4.444444444444445, 2.2222222222222223, 4.444444444444445, 2.2222222222222223, 4.444444444444445, 11.11111111111111, 11.11111111111111, 2.2222222222222223, 8.88888888888889, 2.2222222222222223, 2.2222222222222223, 4.444444444444445, 6.666666666666667, 8.88888888888889, 2.2222222222222223, 2.2222222222222223, 2.2222222222222223, 2.2222222222222223, 2.2222222222222223, 8.88888888888889, 11.11111111111111, 2.2222222222222223, 2.2222222222222223, 6.666666666666667, 2.2222222222222223, 2.2222222222222223, 2.2222222222222223, 2.2222222222222223, 2.2222222222222223, 2.2222222222222223, 2.2222222222222223, 11.11111111111111, 2.2222222222222223, 6.666666666666667, 0.0, 2.2222222222222223, 13.333333333333334, 2.2222222222222223, 2.2222222222222223, 2.2222222222222223, 2.2222222222222223, 2.2222222222222223, 4.444444444444445, 2.2222222222222223, 4.444444444444445, 6.666666666666667, 2.2222222222222223, 13.333333333333334, 13.333333333333334, 2.2222222222222223, 4.444444444444445, 4.444444444444445, 2.2222222222222223, 2.2222222222222223, 4.444444444444445, 4.444444444444445, 2.2222222222222223, 6.666666666666667, 2.2222222222222223, 8.88888888888889, 2.2222222222222223, 4.444444444444445, 13.333333333333334, 2.2222222222222223, 4.444444444444445, 8.88888888888889, 4.444444444444445, 2.2222222222222223, 13.333333333333334, 4.444444444444445, 13.333333333333334, 2.2222222222222223, 2.2222222222222223, 2.2222222222222223, 4.444444444444445, 4.444444444444445, 4.444444444444445, 2.2222222222222223, 6.666666666666667, 8.88888888888889, 8.88888888888889, 2.2222222222222223, 2.2222222222222223, 4.444444444444445, 2.2222222222222223, 0.0, 2.2222222222222223, 2.2222222222222223, 2.2222222222222223, 2.2222222222222223, 2.2222222222222223, 2.2222222222222223, 2.2222222222222223, 4.444444444444445, 2.2222222222222223, 13.333333333333334, 4.444444444444445]
Training time of BackPropogation:  29.2041826248
Testing time of BackPropogation:  2.04352474213
(1) Hill Climb~~~~~~~~~~~~~~~~~~~~~~~~~~~~~~~~~~~~~
Training error of hill climb: 
[0.12970832586091982, 0.12970832586091982, 0.12970832586091982, 0.12970832586091982, 0.12970832586091982, 0.12970832586091982, 0.12923319109991663, 0.12923319109991663, 0.12923319109991663, 0.12923319109991663, 0.12923319109991663, 0.12923319109991663, 0.12923319109991663, 0.12923319109991663, 0.12923319109991663, 0.12923319109991663, 0.12923319109991663, 0.12918633079931305, 0.12795653468547127, 0.12757524810208296, 0.12757524810208296, 0.12757524810208296, 0.12757524810208296, 0.12654745789089172, 0.12654745789089172, 0.12654745789089172, 0.12654745789089172, 0.12654745789089172, 0.12645001656462462, 0.12645001656462462, 0.12599318170635526, 0.12599318170635526, 0.12599318170635526, 0.12599318170635526, 0.12599318170635526, 0.12577227280719425, 0.12577227280719425, 0.12577227280719425, 0.12510341068307798, 0.12510341068307798, 0.12510341068307798, 0.12510341068307798, 0.12510341068307798, 0.12424443581015884, 0.12424443581015884, 0.12424443581015884, 0.12265776407939849, 0.12222365482910402, 0.12222365482910402, 0.12172114908172089, 0.12172114908172089, 0.11902315645877665, 0.11902315645877665, 0.11800278853029013, 0.11727955923643218, 0.11657468399204743, 0.11657468399204743, 0.11657468399204743, 0.11657468399204743, 0.11657468399204743, 0.11657468399204743, 0.11657468399204743, 0.11657468399204743, 0.11634561652716124, 0.11628573986155609, 0.11628573986155609, 0.11517274286775452, 0.11453356699536388, 0.11453356699536388, 0.11453356699536388, 0.11255399718271779, 0.11255399718271779, 0.11255399718271779, 0.11255399718271779, 0.1123116036284858, 0.1123116036284858, 0.11204975840102614, 0.11078176465342207, 0.11078176465342207, 0.11078176465342207, 0.11078176465342207, 0.10992144767803999, 0.10992144767803999, 0.10992144767803999, 0.10992144767803999, 0.10992144767803999, 0.10992144767803999, 0.10992144767803999, 0.10992144767803999, 0.10992144767803999, 0.10992144767803999, 0.10992144767803999, 0.10992144767803999, 0.10992144767803999, 0.10992144767803999, 0.10992144767803999, 0.10992144767803999, 0.10992144767803999, 0.10992144767803999, 0.10992144767803999, 0.10992144767803999, 0.10992144767803999, 0.10992144767803999, 0.10992144767803999, 0.10992144767803999, 0.10992144767803999, 0.10992144767803999, 0.10992144767803999, 0.10992144767803999, 0.10992144767803999, 0.10992144767803999, 0.10992144767803999, 0.10992144767803999, 0.10992144767803999, 0.10992144767803999, 0.10992144767803999, 0.10992144767803999, 0.10992144767803999, 0.10992144767803999, 0.10992144767803999, 0.10992144767803999, 0.10992144767803999, 0.10992144767803999, 0.10992144767803999, 0.10992144767803999, 0.10992144767803999, 0.10992144767803999, 0.10992144767803999, 0.10992144767803999, 0.10992144767803999, 0.10992144767803999, 0.10992144767803999, 0.10992144767803999, 0.10992144767803999, 0.10992144767803999, 0.10992144767803999, 0.10992144767803999, 0.10992144767803999, 0.10992144767803999, 0.10992144767803999, 0.10992144767803999, 0.10992144767803999, 0.10992144767803999, 0.10992144767803999, 0.10992144767803999, 0.10992144767803999, 0.10992144767803999, 0.10992144767803999, 0.10992144767803999, 0.10992144767803999, 0.10992144767803999, 0.10992144767803999, 0.10992144767803999, 0.10992144767803999, 0.10992144767803999, 0.10992144767803999, 0.10992144767803999, 0.10992144767803999, 0.10992144767803999, 0.10992144767803999, 0.10992144767803999, 0.10992144767803999, 0.10992144767803999, 0.10992144767803999, 0.10992144767803999, 0.10992144767803999, 0.10992144767803999, 0.10992144767803999, 0.10992144767803999, 0.10992144767803999, 0.10992144767803999, 0.10992144767803999, 0.10992144767803999, 0.10992144767803999, 0.10992144767803999, 0.10992144767803999, 0.10992144767803999, 0.10992144767803999, 0.10992144767803999, 0.10992144767803999, 0.10992144767803999, 0.10992144767803999, 0.10992144767803999, 0.10992144767803999, 0.10992144767803999, 0.10992144767803999, 0.10992144767803999, 0.10992144767803999, 0.10992144767803999, 0.10992144767803999, 0.10992144767803999, 0.10992144767803999, 0.10992144767803999, 0.10992144767803999, 0.10992144767803999, 0.10992144767803999, 0.10992144767803999, 0.10992144767803999, 0.1098716324410715, 0.1098716324410715, 0.1098716324410715, 0.1098716324410715, 0.1098716324410715, 0.1098716324410715, 0.1098716324410715, 0.1098716324410715, 0.1098716324410715, 0.1098716324410715, 0.10980051978012871, 0.10980051978012871, 0.10980051978012871, 0.10980051978012871, 0.10980051978012871, 0.10980051978012871, 0.10980051978012871, 0.10980051978012871, 0.10980051978012871, 0.10980051978012871, 0.10980051978012871, 0.10980051978012871, 0.10980051978012871, 0.10980051978012871, 0.10980051978012871, 0.10980051978012871, 0.10980051978012871, 0.10980051978012871, 0.10980051978012871, 0.10980051978012871, 0.1097570263681136, 0.1097570263681136, 0.10968843459365787, 0.10968843459365787, 0.10968843459365787, 0.10968843459365787, 0.10963483886784187, 0.10936363696540262, 0.10936363696540262, 0.10936363696540262, 0.10935984152294685, 0.10935984152294685, 0.10935984152294685, 0.10935984152294685, 0.10935984152294685, 0.10935984152294685, 0.10935984152294685, 0.10935984152294685, 0.10935984152294685, 0.10786564422198912, 0.10763694044379593, 0.10763694044379593, 0.10763694044379593, 0.10670016736928149, 0.10663655310907087, 0.10663655310907087, 0.10663655310907087, 0.10663655310907087, 0.10527850193806156, 0.10150293909483081, 0.10150293909483081, 0.10150293909483081, 0.10070563178817844, 0.10070563178817844, 0.098719044147887736, 0.098719044147887736, 0.098719044147887736, 0.09742491240661276, 0.09742491240661276, 0.094785352494264188, 0.090367108190866199, 0.090367108190866199, 0.090051241365537438, 0.088439747162846541, 0.088439747162846541, 0.086255437542883104, 0.085391956762016566, 0.085391956762016566, 0.085391956762016566, 0.085391956762016566, 0.085391956762016566, 0.084753726477682145, 0.084753726477682145, 0.084753726477682145, 0.084753726477682145, 0.084753726477682145, 0.083306529339045074, 0.083306529339045074, 0.081635606922741799, 0.080995904048305548, 0.080995904048305548, 0.080711289910388992, 0.080711289910388992, 0.080711289910388992, 0.080711289910388992, 0.078337503520707216, 0.078337503520707216, 0.077472631878091044, 0.077472631878091044, 0.077472631878091044, 0.077472631878091044, 0.077472631878091044, 0.075723497406206097, 0.075723497406206097, 0.075723497406206097, 0.075723497406206097, 0.075363287563697659, 0.075363287563697659, 0.075363287563697659, 0.075363287563697659, 0.075363287563697659, 0.075363287563697659, 0.075363287563697659, 0.075363287563697659, 0.075363287563697659, 0.074925640808809174, 0.074925640808809174, 0.074697687533067797, 0.074697687533067797, 0.074697687533067797, 0.074697687533067797, 0.074697687533067797, 0.072153601278188109, 0.072153601278188109, 0.072153601278188109, 0.072153601278188109, 0.072153601278188109, 0.072153601278188109, 0.072153601278188109, 0.072153601278188109, 0.072153601278188109, 0.072153601278188109, 0.072153601278188109, 0.072153601278188109, 0.072153601278188109, 0.072153601278188109, 0.071825437987683038, 0.071271632190245182, 0.06947120806159203, 0.06947120806159203, 0.06947120806159203, 0.06947120806159203, 0.067433724349105661, 0.067433724349105661, 0.067433724349105661, 0.067433724349105661, 0.067336544969106682, 0.067172050077766485, 0.067172050077766485, 0.067172050077766485, 0.065858247454456884, 0.065858247454456884, 0.065858247454456884, 0.065858247454456884, 0.065858247454456884, 0.065858247454456884, 0.064988468005961225, 0.064988468005961225, 0.064988468005961225, 0.064988468005961225, 0.064988468005961225, 0.064988468005961225, 0.064988468005961225, 0.064988468005961225, 0.064988468005961225, 0.064988468005961225, 0.064988468005961225, 0.064988468005961225, 0.063728683552297841, 0.063728683552297841, 0.063728683552297841, 0.063728683552297841, 0.063728683552297841, 0.063728683552297841, 0.063524012136627242, 0.063524012136627242, 0.062139765164251057, 0.062139765164251057, 0.062139765164251057, 0.062139765164251057, 0.060876724861889754, 0.060876724861889754, 0.060876724861889754, 0.060876724861889754, 0.060876724861889754, 0.060876724861889754, 0.05998165304921764, 0.05998165304921764, 0.05998165304921764, 0.05998165304921764, 0.05998165304921764, 0.05998165304921764, 0.05998165304921764, 0.05998165304921764, 0.05998165304921764, 0.05998165304921764, 0.05998165304921764, 0.05998165304921764, 0.05998165304921764, 0.05998165304921764, 0.05998165304921764, 0.05998165304921764, 0.05998165304921764, 0.05998165304921764, 0.05998165304921764, 0.059662141010416662, 0.059662141010416662, 0.059214116715696569, 0.059214116715696569, 0.059214116715696569, 0.059214116715696569, 0.059214116715696569, 0.059214116715696569, 0.059214116715696569, 0.059214116715696569, 0.059214116715696569, 0.059214116715696569, 0.058839748596455722, 0.058839748596455722, 0.058839748596455722, 0.058428190043306724, 0.058162813764395922, 0.058162813764395922, 0.057535366707828002, 0.057535366707828002, 0.055792301406669485, 0.055792301406669485, 0.055792301406669485, 0.055792301406669485, 0.055792301406669485, 0.055792301406669485, 0.055792301406669485, 0.055792301406669485, 0.055792301406669485, 0.055792301406669485, 0.055792301406669485, 0.055792301406669485, 0.055177013916608245, 0.055177013916608245, 0.055177013916608245, 0.055177013916608245, 0.055177013916608245, 0.054131922288750606, 0.054131922288750606, 0.054131922288750606, 0.054131922288750606, 0.054131922288750606, 0.054131922288750606, 0.054131922288750606, 0.054131922288750606, 0.054131922288750606, 0.054131922288750606, 0.054131922288750606, 0.054131922288750606, 0.054131922288750606, 0.053781367802142051, 0.053781367802142051, 0.053781367802142051, 0.053781367802142051, 0.053781367802142051, 0.053781367802142051, 0.053781367802142051, 0.053781367802142051, 0.053781367802142051, 0.053781367802142051, 0.053781367802142051, 0.053781367802142051, 0.053781367802142051, 0.053781367802142051, 0.053555049335806085, 0.053555049335806085, 0.053555049335806085, 0.053555049335806085, 0.053362164165373045, 0.053362164165373045, 0.053362164165373045, 0.053362164165373045, 0.053362164165373045, 0.053362164165373045, 0.053362164165373045, 0.053362164165373045, 0.053362164165373045, 0.053362164165373045, 0.053362164165373045, 0.052590752659108411, 0.052590752659108411, 0.052590752659108411, 0.052590752659108411, 0.052590752659108411, 0.052590752659108411, 0.052590752659108411, 0.052491788532240798, 0.052491788532240798, 0.052491788532240798, 0.052491788532240798, 0.052491788532240798, 0.052400335750866722, 0.052400335750866722, 0.052400335750866722, 0.052400335750866722, 0.052400335750866722, 0.052400335750866722]
Testing error of hill climb:  
[0.16407134161122952, 0.16407134161122952, 0.16407134161122952, 0.16407134161122952, 0.16407134161122952, 0.16407134161122952, 0.16214669797012421, 0.16214669797012421, 0.16214669797012421, 0.16214669797012421, 0.16214669797012421, 0.16214669797012421, 0.16214669797012421, 0.16214669797012421, 0.16214669797012421, 0.16214669797012421, 0.16214669797012421, 0.15446692215858232, 0.15344203463746275, 0.15558296780338393, 0.15558296780338393, 0.15558296780338393, 0.15558296780338393, 0.15459683471909391, 0.15459683471909391, 0.15459683471909391, 0.15459683471909391, 0.15459683471909391, 0.15563656636506198, 0.15563656636506198, 0.15547548252229934, 0.15547548252229934, 0.15547548252229934, 0.15547548252229934, 0.15547548252229934, 0.15406789799651727, 0.15406789799651727, 0.15406789799651727, 0.15070028558840587, 0.15070028558840587, 0.15070028558840587, 0.15070028558840587, 0.15070028558840587, 0.15158741376394283, 0.15158741376394283, 0.15158741376394283, 0.14985322704943801, 0.15183845268680601, 0.15183845268680601, 0.14592645364836315, 0.14592645364836315, 0.1381263718807863, 0.1381263718807863, 0.13638203784313518, 0.13396905313942686, 0.129829438905462, 0.129829438905462, 0.129829438905462, 0.129829438905462, 0.129829438905462, 0.129829438905462, 0.129829438905462, 0.129829438905462, 0.12802920573303456, 0.1245423149492338, 0.1245423149492338, 0.1237562774191867, 0.12271066494200343, 0.12271066494200343, 0.12271066494200343, 0.11870137921118511, 0.11870137921118511, 0.11870137921118511, 0.11870137921118511, 0.1210797478308463, 0.1210797478308463, 0.11796875532091169, 0.11727242837076451, 0.11727242837076451, 0.11727242837076451, 0.11727242837076451, 0.11714852802566521, 0.11714852802566521, 0.11714852802566521, 0.11714852802566521, 0.11714852802566521, 0.11714852802566521, 0.11714852802566521, 0.11714852802566521, 0.11714852802566521, 0.11714852802566521, 0.11714852802566521, 0.11714852802566521, 0.11714852802566521, 0.11714852802566521, 0.11714852802566521, 0.11714852802566521, 0.11714852802566521, 0.11714852802566521, 0.11714852802566521, 0.11714852802566521, 0.11714852802566521, 0.11714852802566521, 0.11714852802566521, 0.11714852802566521, 0.11714852802566521, 0.11714852802566521, 0.11714852802566521, 0.11714852802566521, 0.11714852802566521, 0.11714852802566521, 0.11714852802566521, 0.11714852802566521, 0.11714852802566521, 0.11714852802566521, 0.11714852802566521, 0.11714852802566521, 0.11714852802566521, 0.11714852802566521, 0.11714852802566521, 0.11714852802566521, 0.11714852802566521, 0.11714852802566521, 0.11714852802566521, 0.11714852802566521, 0.11714852802566521, 0.11714852802566521, 0.11714852802566521, 0.11714852802566521, 0.11714852802566521, 0.11714852802566521, 0.11714852802566521, 0.11714852802566521, 0.11714852802566521, 0.11714852802566521, 0.11714852802566521, 0.11714852802566521, 0.11714852802566521, 0.11714852802566521, 0.11714852802566521, 0.11714852802566521, 0.11714852802566521, 0.11714852802566521, 0.11714852802566521, 0.11714852802566521, 0.11714852802566521, 0.11714852802566521, 0.11714852802566521, 0.11714852802566521, 0.11714852802566521, 0.11714852802566521, 0.11714852802566521, 0.11714852802566521, 0.11714852802566521, 0.11714852802566521, 0.11714852802566521, 0.11714852802566521, 0.11714852802566521, 0.11714852802566521, 0.11714852802566521, 0.11714852802566521, 0.11714852802566521, 0.11714852802566521, 0.11714852802566521, 0.11714852802566521, 0.11714852802566521, 0.11714852802566521, 0.11714852802566521, 0.11714852802566521, 0.11714852802566521, 0.11714852802566521, 0.11714852802566521, 0.11714852802566521, 0.11714852802566521, 0.11714852802566521, 0.11714852802566521, 0.11714852802566521, 0.11714852802566521, 0.11714852802566521, 0.11714852802566521, 0.11714852802566521, 0.11714852802566521, 0.11714852802566521, 0.11714852802566521, 0.11714852802566521, 0.11714852802566521, 0.11714852802566521, 0.11714852802566521, 0.11714852802566521, 0.11714852802566521, 0.11714852802566521, 0.11714852802566521, 0.11714852802566521, 0.11714852802566521, 0.11714852802566521, 0.11714852802566521, 0.11714852802566521, 0.11714852802566521, 0.11655856426722488, 0.11655856426722488, 0.11655856426722488, 0.11655856426722488, 0.11655856426722488, 0.11655856426722488, 0.11655856426722488, 0.11655856426722488, 0.11655856426722488, 0.11655856426722488, 0.1174708929788494, 0.1174708929788494, 0.1174708929788494, 0.1174708929788494, 0.1174708929788494, 0.1174708929788494, 0.1174708929788494, 0.1174708929788494, 0.1174708929788494, 0.1174708929788494, 0.1174708929788494, 0.1174708929788494, 0.1174708929788494, 0.1174708929788494, 0.1174708929788494, 0.1174708929788494, 0.1174708929788494, 0.1174708929788494, 0.1174708929788494, 0.1174708929788494, 0.11573159205158602, 0.11573159205158602, 0.11919386760429028, 0.11919386760429028, 0.11919386760429028, 0.11919386760429028, 0.11693539597786398, 0.11429034017121309, 0.11429034017121309, 0.11429034017121309, 0.11947788026181806, 0.11947788026181806, 0.11947788026181806, 0.11947788026181806, 0.11947788026181806, 0.11947788026181806, 0.11947788026181806, 0.11947788026181806, 0.11947788026181806, 0.11766944803633078, 0.11868090393231583, 0.11868090393231583, 0.11868090393231583, 0.11642103423769116, 0.10565899306628662, 0.10565899306628662, 0.10565899306628662, 0.10565899306628662, 0.10551378934995985, 0.10537225093941442, 0.10537225093941442, 0.10537225093941442, 0.1041299738566815, 0.1041299738566815, 0.09766577087094705, 0.09766577087094705, 0.09766577087094705, 0.095755740216311933, 0.095755740216311933, 0.094622205334314008, 0.092201060791916534, 0.092201060791916534, 0.085428896054474859, 0.084633633469118508, 0.084633633469118508, 0.080596131013695019, 0.084004859216392697, 0.084004859216392697, 0.084004859216392697, 0.084004859216392697, 0.084004859216392697, 0.084777881374011932, 0.084777881374011932, 0.084777881374011932, 0.084777881374011932, 0.084777881374011932, 0.084546799414179072, 0.084546799414179072, 0.088390867434005066, 0.0863952069314671, 0.0863952069314671, 0.081044956227551201, 0.081044956227551201, 0.081044956227551201, 0.081044956227551201, 0.084931729102679654, 0.084931729102679654, 0.08873456629718382, 0.08873456629718382, 0.08873456629718382, 0.08873456629718382, 0.08873456629718382, 0.090186174354703025, 0.090186174354703025, 0.090186174354703025, 0.090186174354703025, 0.084806005906924969, 0.084806005906924969, 0.084806005906924969, 0.084806005906924969, 0.084806005906924969, 0.084806005906924969, 0.084806005906924969, 0.084806005906924969, 0.084806005906924969, 0.07669898290999036, 0.07669898290999036, 0.081452040339671114, 0.081452040339671114, 0.081452040339671114, 0.081452040339671114, 0.081452040339671114, 0.087056783271962868, 0.087056783271962868, 0.087056783271962868, 0.087056783271962868, 0.087056783271962868, 0.087056783271962868, 0.087056783271962868, 0.087056783271962868, 0.087056783271962868, 0.087056783271962868, 0.087056783271962868, 0.087056783271962868, 0.087056783271962868, 0.087056783271962868, 0.084997093698981216, 0.08369009588969159, 0.079394248238787657, 0.079394248238787657, 0.079394248238787657, 0.079394248238787657, 0.077138609984694545, 0.077138609984694545, 0.077138609984694545, 0.077138609984694545, 0.074341774807934732, 0.083015499203501292, 0.083015499203501292, 0.083015499203501292, 0.084101050047179451, 0.084101050047179451, 0.084101050047179451, 0.084101050047179451, 0.084101050047179451, 0.084101050047179451, 0.077752480888248987, 0.077752480888248987, 0.077752480888248987, 0.077752480888248987, 0.077752480888248987, 0.077752480888248987, 0.077752480888248987, 0.077752480888248987, 0.077752480888248987, 0.077752480888248987, 0.077752480888248987, 0.077752480888248987, 0.072646731850764978, 0.072646731850764978, 0.072646731850764978, 0.072646731850764978, 0.072646731850764978, 0.072646731850764978, 0.075591034298795309, 0.075591034298795309, 0.071186363151549942, 0.071186363151549942, 0.071186363151549942, 0.071186363151549942, 0.067345691642013025, 0.067345691642013025, 0.067345691642013025, 0.067345691642013025, 0.067345691642013025, 0.067345691642013025, 0.064505939150764899, 0.064505939150764899, 0.064505939150764899, 0.064505939150764899, 0.064505939150764899, 0.064505939150764899, 0.064505939150764899, 0.064505939150764899, 0.064505939150764899, 0.064505939150764899, 0.064505939150764899, 0.064505939150764899, 0.064505939150764899, 0.064505939150764899, 0.064505939150764899, 0.064505939150764899, 0.064505939150764899, 0.064505939150764899, 0.064505939150764899, 0.067483474234530758, 0.067483474234530758, 0.073255915043639555, 0.073255915043639555, 0.073255915043639555, 0.073255915043639555, 0.073255915043639555, 0.073255915043639555, 0.073255915043639555, 0.073255915043639555, 0.073255915043639555, 0.073255915043639555, 0.070451475663473206, 0.070451475663473206, 0.070451475663473206, 0.069857030581271878, 0.07158074875196288, 0.07158074875196288, 0.072947408951433521, 0.072947408951433521, 0.069475872017430954, 0.069475872017430954, 0.069475872017430954, 0.069475872017430954, 0.069475872017430954, 0.069475872017430954, 0.069475872017430954, 0.069475872017430954, 0.069475872017430954, 0.069475872017430954, 0.069475872017430954, 0.069475872017430954, 0.065779634855980942, 0.065779634855980942, 0.065779634855980942, 0.065779634855980942, 0.065779634855980942, 0.066546939399921706, 0.066546939399921706, 0.066546939399921706, 0.066546939399921706, 0.066546939399921706, 0.066546939399921706, 0.066546939399921706, 0.066546939399921706, 0.066546939399921706, 0.066546939399921706, 0.066546939399921706, 0.066546939399921706, 0.066546939399921706, 0.065747100574005624, 0.065747100574005624, 0.065747100574005624, 0.065747100574005624, 0.065747100574005624, 0.065747100574005624, 0.065747100574005624, 0.065747100574005624, 0.065747100574005624, 0.065747100574005624, 0.065747100574005624, 0.065747100574005624, 0.065747100574005624, 0.065747100574005624, 0.061439407353926244, 0.061439407353926244, 0.061439407353926244, 0.061439407353926244, 0.064837013255839515, 0.064837013255839515, 0.064837013255839515, 0.064837013255839515, 0.064837013255839515, 0.064837013255839515, 0.064837013255839515, 0.064837013255839515, 0.064837013255839515, 0.064837013255839515, 0.064837013255839515, 0.068238298256495106, 0.068238298256495106, 0.068238298256495106, 0.068238298256495106, 0.068238298256495106, 0.068238298256495106, 0.068238298256495106, 0.063641797127214225, 0.063641797127214225, 0.063641797127214225, 0.063641797127214225, 0.063641797127214225, 0.063276470341907864, 0.063276470341907864, 0.063276470341907864, 0.063276470341907864, 0.063276470341907864, 0.063276470341907864]
Training time of Hill Climb:  4.63543581963
Testing time of Hill Climb:  0.00387191772461
(2) Simulated Annealing~~~~~~~~~~~~~~~~~~~~~~~~~~~~~~~~
Training error of simulated annealing:  
[0.091561643488616756, 0.090261069525698762, 0.091093545604958789, 0.087236282765401491, 0.082969743069211552, 0.083761696649727005, 0.085101347672455877, 0.091558767132481761, 0.10104704008573288, 0.099871713449805319, 0.10070301189604698, 0.10421105787700975, 0.10398400719667344, 0.10570640248010886, 0.10936280478679171, 0.11341458910270182, 0.11188127275460598, 0.11084986430336349, 0.11285698920045091, 0.11028084988796366, 0.11485068065794191, 0.10640294839803949, 0.1044251830630183, 0.10534365962906894, 0.10213182300483185, 0.10163188358512333, 0.10546362488987485, 0.10687274234012159, 0.11071257395671551, 0.1028918599714584, 0.097334465796573441, 0.091557999983207822, 0.089217338587232548, 0.092611963811728565, 0.093755924928745807, 0.099529167217529607, 0.10660003366581129, 0.10706036379056756, 0.10974598042662098, 0.10452523940653345, 0.10856629498171044, 0.10081016441195709, 0.11028970561031871, 0.10216164374633979, 0.10713045385369344, 0.1082295874917058, 0.10236220687241743, 0.10245924275361211, 0.099767333524514432, 0.096722649775314209, 0.097020237820250058, 0.10267247361445402, 0.10080078698902049, 0.099820877443574915, 0.099584961062390717, 0.097878915725171101, 0.11718666910760601, 0.094916654099365255, 0.095431809052200681, 0.098121661211844013, 0.12222896320377444, 0.11375110692172773, 0.12067594369244385, 0.12078963282399265, 0.12137440683252601, 0.12642618903025019, 0.14377675360222961, 0.1439504917451237, 0.15147616875382081, 0.14429446123657724, 0.14114957173172127, 0.16945216541668881, 0.17491348671265916, 0.17014746877336148, 0.17225980215186817, 0.16240016025911411, 0.15076463343005458, 0.15844716052966973, 0.16997051381708772, 0.15559563026880019, 0.1751802951325723, 0.17318371882039335, 0.16360364343530889, 0.14716359987554214, 0.13540095306581418, 0.15757492694405076, 0.16985108429116513, 0.14312609059319664, 0.14195691517919476, 0.12049273394846322, 0.13235175635418422, 0.12580194254008387, 0.11753165736520897, 0.11602040047976603, 0.12729647433632169, 0.13761475062018036, 0.13233738967189787, 0.13233738967189787, 0.13708142255390154, 0.14245921943380649, 0.14063567475016933, 0.14741286539078252, 0.13244704896401566, 0.14370679163864442, 0.15772740586664161, 0.15472625737248336, 0.13098068281785813, 0.13420064161262626, 0.12631406694436786, 0.12456798414424371, 0.1271612139429798, 0.12819256278197547, 0.1300056723960725, 0.12927489292220692, 0.12820876757809532, 0.12685313707791149, 0.1258144579710222, 0.13106365697580122, 0.12771799489980168, 0.1291563693523374, 0.13904076088432019, 0.14070538656318626, 0.13688682094459872, 0.13611078576934585, 0.13927190861153441, 0.14445858275485651, 0.1417823892948693, 0.13898020628984337, 0.13988223322365098, 0.14302957474922173, 0.15485717105760283, 0.15349069330467996, 0.14337969854246035, 0.13837022910787039, 0.13749733763869437, 0.13493621532122543, 0.13270447457019269, 0.13005532430002531, 0.12699363580913853, 0.12551748751931704, 0.1319110947654443, 0.12504539398632702, 0.13510720633498291, 0.13112972412643462, 0.12554624245378782, 0.12107575440690554, 0.12068651094527212, 0.12068651094527212, 0.12079537632498111, 0.12367215149432863, 0.12102285570429722, 0.12666477902667425, 0.1285183970969761, 0.12345932122378127, 0.12289104411353589, 0.13866781389875343, 0.14554695216400879, 0.14388463433280882, 0.14218350620032449, 0.13942461841697137, 0.12838612795181487, 0.14883416902577382, 0.15689855820139401, 0.13748908735030105, 0.13400360468850031, 0.13735281824262688, 0.13493935134848831, 0.13687782330340301, 0.13752195221994593, 0.138863450727754, 0.14208952455920271, 0.15719432437879841, 0.164558094009911, 0.1707081801479694, 0.16600321895740733, 0.16021631567020231, 0.15017265458030407, 0.16156355793090121, 0.17981161167410328, 0.18317313402013155, 0.17378744483961803, 0.17063471672305427, 0.16838304345010333, 0.16743612774040451, 0.15919163667644579, 0.15980358846958692, 0.15723070165820183, 0.15651011509256318, 0.14649242610223129, 0.13586153486579333, 0.13084224851486334, 0.13466606961117675, 0.14359018547878755, 0.14692127142823141, 0.15057832141878474, 0.14792461501395476, 0.14784466490343257, 0.14600928859600257, 0.15241593236536102, 0.1500790836220329, 0.15316325164118635, 0.14413143626047811, 0.15607193192881202, 0.15273948259199513, 0.1582270367799955, 0.16102327079753379, 0.1579376886985375, 0.16284130153288426, 0.15860801997795129, 0.13703655668155401, 0.14447580330345317, 0.1336751649938635, 0.13922090622751121, 0.13486748260144857, 0.13436757062326424, 0.13433776770822545, 0.13553380550121127, 0.14006076786345006, 0.1347098184622961, 0.13522493770016519, 0.13385889042539617, 0.1406203409356212, 0.13918277001265233, 0.13703675742173704, 0.14115663980187618, 0.15576626222141052, 0.15712529260333261, 0.15535052873839739, 0.16498925415259982, 0.16167707793694855, 0.19330247480492718, 0.20023453112500011, 0.20261710923163917, 0.20420460879626418, 0.20722448851134967, 0.21660206352139047, 0.20424935156657681, 0.20013924294531335, 0.19262999315744814, 0.19069151244975624, 0.17832165892469973, 0.15722298076216132, 0.16601559798838325, 0.16012876778492455, 0.13757861454263171, 0.14036299225591425, 0.14204168999744951, 0.14094154733018877, 0.1241921860868599, 0.12322730590186659, 0.15500837943635057, 0.1824699823596769, 0.17254094121266628, 0.18391530102201573, 0.18654203879360065, 0.17522567064799333, 0.15845354986199234, 0.15138647722504844, 0.15540823467414069, 0.17828670803621413, 0.19140763945415859, 0.15373916606764773, 0.16647174955778557, 0.18510480441804944, 0.1913184571748642, 0.20049666747533962, 0.20014715484496165, 0.19543646966158795, 0.18955406078772738, 0.18196791622466768, 0.18515153603282078, 0.17907583815854713, 0.17606325291156766, 0.1834085992860256, 0.18552672144018034, 0.19355386037317474, 0.19510833686407436, 0.20160237238529194, 0.20280813264051037, 0.20619590244014421, 0.20841962773643, 0.20822767287180968, 0.20726240203444102, 0.21254735095823496, 0.21369945681876287, 0.2139284553793174, 0.21038380150637426, 0.21275863490975508, 0.21000361094305744, 0.21431149938649408, 0.2159993244549864, 0.21419387953134855, 0.21636733291611621, 0.2132836233635696, 0.20750265614224142, 0.20643165112170417, 0.20261619438202988, 0.20879654920889321, 0.20872096674358251, 0.20369241553439249, 0.21015239838627589, 0.21883233409986436, 0.2173447601092571, 0.21902394223189317, 0.21911965443272066, 0.22086019705665222, 0.22121952297381198, 0.22259567520349055, 0.22038504734055803, 0.21958673868737175, 0.21374895292073584, 0.21848306758430394, 0.2024227468059272, 0.20817053815005457, 0.21943200112451036, 0.21497171040594049, 0.2208765255629643, 0.21483984605716919, 0.22055520162158987, 0.21793737901657556, 0.2205286499762843, 0.220960882793867, 0.2209177480373698, 0.22218578869338221, 0.19669308754192585, 0.17906772482829475, 0.15322349470268865, 0.17497908837253082, 0.21259053803524058, 0.21166934067396015, 0.19012942810503081, 0.18952785588473764, 0.18667942377808086, 0.17902836403682251, 0.1911775382474063, 0.1492454370474636, 0.14006476414955712, 0.15769586730205423, 0.11346537308463471, 0.1332182454558736, 0.18353406104954742, 0.2080282129998508, 0.22069693689569561, 0.22192382650609779, 0.19916425436915319, 0.17685153959071268, 0.14349002943482306, 0.21956436844885879, 0.19679656842700829, 0.20755987821340199, 0.22464485516272387, 0.2254754814374203, 0.22656968407398689, 0.22635001419779238, 0.22587439700224685, 0.22387934968652751, 0.22563390411278839, 0.22581170795773339, 0.22657288692773159, 0.22719663128575251, 0.22713807782680595, 0.22702980400115408, 0.22707015942935085, 0.22619372578897218, 0.22547822360479666, 0.22571191701756163, 0.22490236358610211, 0.22112210523827189, 0.22339169441508952, 0.22409633018324412, 0.22411268003622092, 0.22475270718188686, 0.22482857446410862, 0.22443118787136535, 0.22406189892569073, 0.22345827016635228, 0.22445617419040745, 0.22604221390954507, 0.22586446776314634, 0.22580651177610983, 0.22463611397795072, 0.2243230079624835, 0.22356554328375558, 0.22410287874353044, 0.22384651540972869, 0.22281610627999993, 0.22267695003342658, 0.22236906216149441, 0.22156613508131617, 0.22223615356080653, 0.22136791608843837, 0.2225156121188504, 0.22197841586100922, 0.22154111617443209, 0.22098248818080535, 0.21953033103406777, 0.22094060086165143, 0.22127045233731404, 0.22143398685487359, 0.22110461325672173, 0.21914550973873173, 0.22135998285238448, 0.22329032305133301, 0.22409353958767794, 0.22461266504447161, 0.22513968846551827, 0.22580969409440307, 0.22675647289100623, 0.22700294467283805, 0.22712253767129614, 0.22741840252919993, 0.22755926058905596, 0.22776046578174067, 0.22770043440283091, 0.22747400226666425, 0.22723037555653064, 0.22733714605138983, 0.22706862948261783, 0.22669933205028012, 0.22684787419121663, 0.22680678097217474, 0.22626528920529024, 0.22637957431688613, 0.22662654677184874, 0.22704406018310574, 0.22703281600370523, 0.22708555604264125, 0.22691778209827448, 0.22725205030966134, 0.22763469051390395, 0.22766304184920946, 0.22745210747591005, 0.22587166669728834, 0.22414967433456987, 0.22038898624323483, 0.21487966223733035, 0.22247308187620796, 0.22293603444670015, 0.22641163101202375, 0.22690692474850355, 0.22800448901122572, 0.22808960107075646, 0.22812164520406392, 0.22819338846710366, 0.2282611865693733, 0.22721407846283909, 0.22637799829369643, 0.21786193906287782, 0.21601712287464112, 0.21212130791718078, 0.21534565275748452, 0.21620618314062898, 0.20725521122710333, 0.21141766836879466, 0.20336801104465754, 0.21426754942884638, 0.20623522193471736, 0.17166216502929665, 0.16042427802041781, 0.14098454982562392, 0.14910399621813966, 0.14633133786405983, 0.13759853816771675, 0.15911300093511369, 0.15168928029315032, 0.16104616108289718, 0.1550909636412445, 0.15852571381535496, 0.1598393425481536, 0.1600856259438872, 0.16389486104116813, 0.1601100506904681, 0.13487831709072057, 0.12694726513544216, 0.130032409833964, 0.13142663874792018, 0.12800825863683224, 0.12607013625025731, 0.12468323650150505, 0.1240817069368948, 0.12408681887816879, 0.12364126704312747, 0.12378723036036803, 0.12350178529391552, 0.12452266910629282, 0.12356638785941586, 0.12649386311524258, 0.12745781223483163, 0.12445155375864742, 0.12561302612908565, 0.12386663151911327, 0.12343849699603517, 0.12657967761041364, 0.12627239277507385, 0.12873669992019393, 0.12779107725808941, 0.13267985756194522, 0.13236547410904115, 0.14962795153745734, 0.16176515585638951]
Testing error of simulated annealing:  
[0.097386573148445732, 0.10356300012287964, 0.10293505224984324, 0.097253493553478912, 0.084519629326714737, 0.085055772811171076, 0.099133584746463443, 0.085152160461779647, 0.087687638131922846, 0.084031347465687065, 0.089363307299080333, 0.089892133788158621, 0.094214912251126201, 0.10218875052349255, 0.10771936276883805, 0.1073231619631919, 0.10489028876402803, 0.10115104595439882, 0.1036735762189427, 0.10143209116293835, 0.10181057005978937, 0.093470328802614966, 0.091234224596326643, 0.09652331300628543, 0.086977780249165651, 0.082634362782681686, 0.086026883134259699, 0.085707457324096042, 0.097192585652729382, 0.087291461575067855, 0.091640472260566624, 0.085219347035177972, 0.077132784080655131, 0.078040830768673866, 0.077439552435049741, 0.086019820949683939, 0.084356349547905204, 0.094545563264283122, 0.093159855314950912, 0.085344880648561369, 0.096671381906505996, 0.10931665923455935, 0.12062471251752514, 0.1177711641807497, 0.11863190158155366, 0.12234847021676545, 0.11628830385148888, 0.10568560479253986, 0.11960569127138085, 0.11648825059561181, 0.12174847167996267, 0.13049602346423303, 0.12397397338830864, 0.11880127569725606, 0.1230403664091082, 0.12003127643407933, 0.15846788683304214, 0.12313556158545313, 0.11368131651766424, 0.12225186541796154, 0.1648160625105802, 0.15192093566726672, 0.16091698034379728, 0.15857785333654398, 0.15805007484879749, 0.16558880242271135, 0.16944002434076375, 0.18440301944970811, 0.2037910812116541, 0.19232105766829447, 0.16990149839155072, 0.15704433120219288, 0.16594225306699076, 0.19366202706754848, 0.16639809135651401, 0.16859798292069861, 0.16960003937630488, 0.15768055081209587, 0.14246988346754708, 0.10664051465737862, 0.13253209874084357, 0.13758667843533609, 0.11773293462246283, 0.10414586135862905, 0.1008241049838875, 0.12814157336990542, 0.14727198264603406, 0.1179020915502688, 0.10228712213510288, 0.10303259633797263, 0.11910254303957085, 0.10527353714486894, 0.095285063050516622, 0.098107269652100121, 0.1027587382545925, 0.10112498666785355, 0.083403872967444351, 0.083403872967444351, 0.090252903566932163, 0.085826425903374401, 0.086123286449637584, 0.087109241274070798, 0.080357496380271703, 0.082802458788218625, 0.09806596209810868, 0.095629903094724189, 0.080624303681893883, 0.082721639261989416, 0.085416924510370959, 0.087793402951509267, 0.094935899358189704, 0.095367560456289649, 0.097811147563610576, 0.097798673390471977, 0.097921656007739138, 0.097289297901032357, 0.097844049366273528, 0.10163353112467376, 0.097698033923704922, 0.099361241425957675, 0.11085377701178815, 0.11384205053626845, 0.10977524261197234, 0.10964125598059286, 0.11424032746597973, 0.11972682653408599, 0.11511232295572917, 0.11237664536839798, 0.1115827534169908, 0.11407035600399439, 0.12824981046626205, 0.1267111001513736, 0.11406393660682677, 0.10847143742009147, 0.10820284889965494, 0.10536772968867952, 0.099873979121339745, 0.092807916446140989, 0.088313315570010667, 0.08499095167942107, 0.095762486780250164, 0.084309276929890473, 0.10102131205987476, 0.095569606815694499, 0.085999633120156696, 0.074963593798877889, 0.074747566992165781, 0.074747566992165781, 0.071295125766477535, 0.07060125565224673, 0.065260032695027462, 0.072278712269756115, 0.074976288671940852, 0.063494610346261693, 0.06611314157731514, 0.097722295349161964, 0.11128915890302883, 0.10766318695675219, 0.10636672466144799, 0.099088917236676774, 0.07740469589949861, 0.11652191963554764, 0.13065301710226301, 0.09500977571450811, 0.086357915740336799, 0.091789237604192636, 0.085478439636840584, 0.091139794988990316, 0.089661049697218942, 0.099324384064640753, 0.10548618006460307, 0.13064042375770465, 0.14157472966950982, 0.15484480916013715, 0.15076873253775974, 0.14605452081275999, 0.12675516202242956, 0.1494764941924947, 0.16653630817881498, 0.1698212515978508, 0.1619191365408808, 0.1601810611632806, 0.15765567713855386, 0.15780726393830929, 0.14947762367380915, 0.15526254611733264, 0.15079571791096186, 0.15048048873016573, 0.13593908409058908, 0.11810267030168874, 0.10914103425612294, 0.11435972033996543, 0.13433647674489199, 0.14437778507397675, 0.14724469945266347, 0.15195141979716159, 0.14691931749069459, 0.13843725203362164, 0.14993245528496885, 0.15351367367278385, 0.15132098517920983, 0.12851080879756874, 0.15576232820863459, 0.15944296222581361, 0.15628014507788168, 0.15933590949999241, 0.15008790470305353, 0.15920405998570511, 0.16538266299928922, 0.16425403073878289, 0.17576994246143737, 0.16589067300161581, 0.16070456030144858, 0.15969653336703593, 0.16114013383241726, 0.15654095050173875, 0.1567318176508998, 0.15782442295716445, 0.15877471076870037, 0.15625816097806117, 0.15774809855998762, 0.15638418112677574, 0.15574188631818309, 0.15449720666332362, 0.15838527327232182, 0.16222923439245782, 0.16321713180570974, 0.16238703181006439, 0.16689967439673806, 0.16828400253690065, 0.18532920920095797, 0.19063266481339208, 0.19394642933478706, 0.19293982842697074, 0.19664131538525539, 0.21060979356941806, 0.19531313367372416, 0.1889064958289314, 0.18476849084448643, 0.18680645286657988, 0.18027303720647928, 0.17118802102253439, 0.17805425050254078, 0.17366773482413839, 0.16875075930591257, 0.17519047031630855, 0.18298958861292006, 0.16879687790422371, 0.15979516850292727, 0.15360718277418212, 0.16489140408479111, 0.17574885122168496, 0.16981844864869966, 0.17647836781499826, 0.17574980513793537, 0.16857134476837846, 0.1660538825831791, 0.16017382965802515, 0.16188637193633226, 0.17335849373319345, 0.18103936797288669, 0.15979513054442923, 0.1608228782338248, 0.17034776459867379, 0.17978831984585145, 0.18615202443623038, 0.18503344235945479, 0.18017989505297649, 0.17178098361481961, 0.160489008886124, 0.1649106968317329, 0.15677812590639961, 0.15161392764972328, 0.15961511793623795, 0.16216921875625967, 0.17384406913387582, 0.17654386163633148, 0.18487889224005727, 0.18436030037182011, 0.18671719540516982, 0.19023452535815294, 0.19026853656959222, 0.18969415671332199, 0.19532409299656703, 0.19631222932391973, 0.19577435011212288, 0.1934321687704042, 0.19511314271367627, 0.19277015756791066, 0.19598638664147236, 0.19759250572381182, 0.19686362717269332, 0.19750779505876331, 0.19541666131829116, 0.1903110316019502, 0.18992122463210537, 0.18748941953506765, 0.19225166932743204, 0.19281667725637014, 0.18984935308112438, 0.19434476756378086, 0.20032873070798241, 0.19926223130060086, 0.20063829964282007, 0.20078323256752861, 0.20222648988923514, 0.20284964981488432, 0.20327201982604959, 0.2016101436572659, 0.20186025299349578, 0.19922945927426952, 0.20104279303902575, 0.19387839767216808, 0.19661338857096236, 0.20099054941489181, 0.19743851572197688, 0.20186999903469621, 0.19622779356628164, 0.20182592953631334, 0.20006919052256605, 0.20171059718789114, 0.20214820009988652, 0.20245570845432831, 0.20348022276020833, 0.19428544245764554, 0.18746537400493907, 0.17326564421627569, 0.18403431501674108, 0.20031809164276099, 0.19977531402836518, 0.19142476470461409, 0.19109863796663992, 0.18652629197768994, 0.17976551864220225, 0.1919238118819433, 0.16878321733782628, 0.16060576731068008, 0.17294633178312768, 0.13643923307677963, 0.15697553969739433, 0.18663082761221658, 0.1975170318385551, 0.20291243287682054, 0.20402397061616934, 0.19217395436406851, 0.18433802652842821, 0.16503045526270685, 0.20310237123975355, 0.19406645965711264, 0.1986250598119248, 0.20514596397008797, 0.20545686230279173, 0.2060564519301035, 0.20585992715605225, 0.20557310076300561, 0.20466676684772758, 0.20547182322382723, 0.20561828544174024, 0.20607622894970359, 0.20644865903521492, 0.20640806769505232, 0.20628002189880162, 0.20629980981470436, 0.205658487136262, 0.20518965601621791, 0.20538065073369974, 0.20486873921422466, 0.20313126520723368, 0.20384077030635445, 0.20423428346996014, 0.20415791008945056, 0.20460609326325704, 0.20465455141369868, 0.20435787763346566, 0.2040868585275917, 0.20364545791992222, 0.20437719130825016, 0.20554120990301344, 0.20541044365044922, 0.20536514593040592, 0.20450543029111906, 0.20427738457879438, 0.20372109218759099, 0.20411847506452263, 0.20393294659739, 0.20317533932427684, 0.20306826863661012, 0.20284087296876077, 0.20225658523259765, 0.20274886473702911, 0.20211848770687554, 0.20294621521094408, 0.20255265844938408, 0.20222971191447323, 0.20183221172004512, 0.20077885400998369, 0.20180988028473892, 0.20204534198781682, 0.20216389843121219, 0.20192357410315434, 0.20050886235886548, 0.20212560955940093, 0.20351264969846714, 0.20410180593511243, 0.20446652980390295, 0.20485613575301737, 0.20534593628369052, 0.20604310889873259, 0.20622434997328162, 0.20631251809773651, 0.20653437285081405, 0.2066399021504059, 0.20678872006154136, 0.2067476717268634, 0.20657643902700407, 0.20639955362494797, 0.20647509944985362, 0.20626677997086892, 0.2059969104545345, 0.20611874082330853, 0.20608755162133754, 0.20569801787554437, 0.20578364998142235, 0.20596244254300583, 0.20626802604459041, 0.20626171377657138, 0.20630264197477235, 0.20618300144688448, 0.20642489627569088, 0.20670657744968721, 0.20672660435365686, 0.20654971622063395, 0.20514285782569011, 0.20389874713058176, 0.20021651818273262, 0.19397517427894645, 0.20227897620442289, 0.20260204834793533, 0.20569260782481877, 0.20608278864316237, 0.2069858031401936, 0.20704398379765232, 0.20706713330851165, 0.20711820056459096, 0.20717077131651918, 0.20660669126570172, 0.20617343816128875, 0.19798370958733946, 0.19624598074271948, 0.19469693681639597, 0.1974042950970353, 0.19713432557613317, 0.18891091286533443, 0.19492336390516829, 0.19138953541358358, 0.19918570274619976, 0.19271934647845049, 0.15221558831481191, 0.11917194075900965, 0.075114704050519135, 0.091375682116957152, 0.090308119246184052, 0.071340252339003637, 0.11273281002056411, 0.093354523247864571, 0.11841891335218663, 0.099796447171546676, 0.11765957320578189, 0.12327502073671408, 0.11732984602159811, 0.13685847402578452, 0.11666751683878264, 0.066657923481461531, 0.059370216554616537, 0.061317017569222018, 0.064568295678800139, 0.059686858004886947, 0.057865240066103982, 0.056199948958905878, 0.056539719857885411, 0.056088300516333282, 0.056234722743655353, 0.056385019678346381, 0.05665327807071404, 0.05656163674926129, 0.056697827708705253, 0.057275621301443112, 0.058371879312188561, 0.056480968111161746, 0.057314845015414936, 0.056205504315672811, 0.055902048137563429, 0.057296111220338668, 0.057354895178323033, 0.060585903476223987, 0.059631630276725155, 0.0668307467150384, 0.067190006889329773, 0.090680269831089594, 0.10599105842499353]
Training time of simulated annealing:  4.69702243805
Testing time of simulated annealing:  0.00409913063049
(3) GA~~~~~~~~~~~~~~~~~~~~~~~~~~~~~~~~~~~~~~~~~~~
Training error of GA: 
[0.11049685388038737, 0.1098772982591501, 0.1098772982591501, 0.1098772982591501, 0.1098772982591501, 0.1098772982591501, 0.1098772982591501, 0.1098772982591501, 0.1098772982591501, 0.10855905185505101, 0.10855905185505051, 0.10793168915454454, 0.10367554854793867, 0.10021707944343168, 0.084120679320258435, 0.080071649704679157, 0.080071649704679129, 0.080007965585976129, 0.079658957061353369, 0.079392604873226122, 0.079241175073013231, 0.079012894842280371, 0.078656115525436901, 0.078127043951942962, 0.078046481915231058, 0.078039296547683892, 0.077647575538995747, 0.077647575538995747, 0.077512641808103147, 0.077512641808103147, 0.077337801766514114, 0.076829364679928541, 0.076525477780295018, 0.076465728955955103, 0.07641270193377786, 0.076412701933774696, 0.07640009754828192, 0.076400097548262103, 0.076394625134835942, 0.07637500975109475, 0.07637500975109475, 0.07637500975108491, 0.076371877064093291, 0.076358177211765452, 0.076342597288108216, 0.076342597288108216, 0.076341092031075225, 0.076338932211380273, 0.076329114551594329, 0.07631994431428954, 0.076319944314285876, 0.076319944314269306, 0.076319944314269222, 0.076313455417337736, 0.076312298985851484, 0.07631229898582835, 0.076300535159023949, 0.0762070926419047, 0.0762070926419047, 0.076204534578966795, 0.076204534578927591, 0.076204534578927591, 0.076204534578927591, 0.076203599247982853, 0.076200925011968498, 0.076200925011964363, 0.076199479599604727, 0.076199396726899141, 0.076199088647602553, 0.076198985065065394, 0.076197430785238274, 0.076196620204697543, 0.076196442044349569, 0.07619637401623143, 0.076195220439612563, 0.076195171104446777, 0.076194592278029272, 0.0761945300965466, 0.076194530096523633, 0.076194530096523258, 0.076194530096523258, 0.076194312675913561, 0.07619424614896303, 0.076194018455997437, 0.076194018455997437, 0.076193981654368428, 0.076193981654368428, 0.076193589316180352, 0.076193560499031324, 0.076193345083525751, 0.076191459157313096, 0.07619145915731268, 0.076191137166168516, 0.076189422163546669, 0.076182713963024382, 0.076181576958673336, 0.076181527858530135, 0.076173673567900793, 0.076149569603184836, 0.076149569603184836, 0.076139541808857902, 0.076139541808854627, 0.076137313564052844, 0.076122289773842791, 0.076122289773842791, 0.076122289773842222, 0.076094623867626721, 0.076093568545857179, 0.076082413050101522, 0.076057405260546065, 0.076057023322921427, 0.076053434867534991, 0.076047996250653588, 0.076029482204409596, 0.07602205746799115, 0.076015919183822583, 0.076005209513146502, 0.076005209513146502, 0.076005209513144489, 0.075988688472729174, 0.075988688472729174, 0.075986821672830746, 0.075986821672815258, 0.075986821672549873, 0.075985789651894606, 0.075985789651894606, 0.075961808824556026, 0.075948469047347492, 0.075948469047347492, 0.075948469047347492, 0.075947938432666853, 0.075934487746784268, 0.0759344877456581, 0.075934487745434348, 0.07590959528373642, 0.075905586654582496, 0.075902316217250798, 0.075902316199787739, 0.075902316174389042, 0.075901789419449334, 0.07589517992773509, 0.075887391930242992, 0.075880669518304952, 0.075871356032724616, 0.075871356032724616, 0.075863351358353523, 0.075863351344880356, 0.075848818758079833, 0.075848806216442077, 0.075847352610825591, 0.075847352610825591, 0.075835397670074869, 0.075835248548363779, 0.075827082174977314, 0.075825881659297115, 0.075825820328487795, 0.075825819828525237, 0.075825651557726678, 0.075825642702544716, 0.075825642702544716, 0.075816962266612248, 0.075803438556640665, 0.075803438556640665, 0.075803433608349832, 0.075801340997110916, 0.075801340997110916, 0.075800309386148748, 0.075800309386148748, 0.075800309386148748, 0.075800309386148748, 0.075799581620447684, 0.075798009795988081, 0.075793310858032398, 0.075793188529983693, 0.07578934391382329, 0.075788987229170365, 0.075788002962751608, 0.07578032594199488, 0.07578032594199488, 0.07578032594199488, 0.07578032594199488, 0.075773175467543086, 0.07576337188718911, 0.07576337188718911, 0.075762330923681315, 0.075745595938515792, 0.075743479530240562, 0.075743479530240562, 0.075722230916441369, 0.075719411208064968, 0.07570234977412188, 0.075702348978589712, 0.075702328578252681, 0.075692352250276457, 0.075689471694989893, 0.075683688108625302, 0.075682680949737166, 0.075682680949737166, 0.07567768018567185, 0.075677680149843676, 0.075677678963183601, 0.07567530515738316, 0.075675296887197027, 0.075673846587712618, 0.075673846587712618, 0.075673846279960696, 0.075673846251365945, 0.075673846044621115, 0.075673832077692751, 0.075668934664873427, 0.075668856628081441, 0.075653766746464998, 0.075653585898546941, 0.075651399168132766, 0.075651399168132766, 0.07565101065628152, 0.075650405191692707, 0.075650405191692707, 0.075649947173886539, 0.075639978262560498, 0.07562664189179738, 0.075622712665565098, 0.075615847919797405, 0.075594276032269356, 0.075594276032269356, 0.075579069739621432, 0.075579069739621432, 0.075579069739621432, 0.075565621703713226, 0.075565621703713226, 0.07556556437366875, 0.07556556437366875, 0.07556556437366875, 0.075565462028672092, 0.075565462028672092, 0.075565098450643881, 0.075550158479694526, 0.075550026516942675, 0.07554557258612149, 0.07554557258612149, 0.07554557258612149, 0.07554421390679214, 0.07554421390679214, 0.075537750681662824, 0.075521179281236792, 0.075511487217924958, 0.07550011490271237, 0.075499034469534154, 0.075494891818879487, 0.075468401127313942, 0.075468179074800565, 0.075468179074800565, 0.075445328016359253, 0.07539839242024575, 0.07539839242024575, 0.075373251276766168, 0.074558127011359554, 0.074297178831643107, 0.07350180879305096, 0.069214899166996441, 0.067293425313160099, 0.061973871131535761, 0.061359673877343042, 0.061010129736472671, 0.060912996736960365, 0.060105545797626753, 0.058593765022996555, 0.057871746940263112, 0.057871746940263112, 0.057871746940263112, 0.057282132869728795, 0.057061059242350137, 0.056537073948577016, 0.055785878878244308, 0.055720258291927255, 0.055526324797338003, 0.055353185919871151, 0.055150949764085903, 0.054953572909830106, 0.054915035710776147, 0.054724978997934444, 0.054724978997934444, 0.054724978997934444, 0.054724978997934444, 0.054724978997934444, 0.054724978997934444, 0.054700029529200653, 0.054700029529200653, 0.054457585115679726, 0.054332506937426014, 0.053894841272373248, 0.053463219538604216, 0.052780292807769927, 0.052536934962653693, 0.051724097002832682, 0.051724097002832682, 0.051688293541506836, 0.051688293541506836, 0.05151048081811091, 0.05147756208279973, 0.05147756208279973, 0.05147089514059229, 0.05147089514059229, 0.050970303391926014, 0.050847645739896016, 0.050838795704708319, 0.050647281484142666, 0.050584955959880357, 0.050584955959880357, 0.050578577538664411, 0.050540408621727616, 0.050540408621727616, 0.049454080234889779, 0.048991318572835507, 0.048545933476294274, 0.048439106036900437, 0.047991503371701494, 0.047771566085070806, 0.046582850682581244, 0.046582850682581244, 0.046582850682581244, 0.046549073802629216, 0.046549073802629216, 0.045851732403716663, 0.044028592387257474, 0.033359099721947158, 0.033359099721947158, 0.029259782191609025, 0.024796499992113259, 0.02344250264080695, 0.019453582332317334, 0.018787916690783987, 0.018787916690783987, 0.018787916690783987, 0.018787916690783987, 0.018578882257828885, 0.017959538495903749, 0.017146446716988617, 0.017146446716988617, 0.01650430673474412, 0.015548674366435937, 0.015477454115712571, 0.015047251565522838, 0.014966634859177763, 0.014559713499575501, 0.014540705932154997, 0.014337827097161561, 0.012871290665533738, 0.011852197275645545, 0.011554742818257342, 0.011372067861995631, 0.011056529958697155, 0.011056529958697155, 0.010777496837943584, 0.010777496837943584, 0.010052317399515637, 0.010052317399515637, 0.010042898296367292, 0.0095928417832969581, 0.0095928417832969581, 0.0091605532488160113, 0.0091526048828607775, 0.0091526048828607775, 0.0091247422604072391, 0.008886672876461164, 0.008886672876461164, 0.008886672876461164, 0.008886672876461164, 0.0087400634897824361, 0.0087400634897824361, 0.0087400634897824361, 0.0086854771290410561, 0.0086854771290410561, 0.0084733934647903339, 0.0084645976847779331, 0.0084645976847779331, 0.0083788113536675864, 0.0082814171613809009, 0.0077643367798327151, 0.0075706830756215359, 0.0075706830756215359, 0.0075706830756215359, 0.007568082744431698, 0.0075546744100394225, 0.0072994249737283346, 0.0072836652376820459, 0.0072836652376820459, 0.0071175202820636246, 0.0071175202820636246, 0.0071175202820636246, 0.0070746422633020016, 0.0070746422633020016, 0.0069713815743766856, 0.0069713815743766856, 0.0068949557379729695, 0.0068949557379729695, 0.0068949557379729695, 0.0068949557379729695, 0.0068906516731640638, 0.0068906516731640638, 0.0068906516731640638, 0.0068906516731640638, 0.0068906516731640638, 0.0068892926711130618, 0.0068778193111572019, 0.0068775225354714567, 0.0068657969679778415, 0.0068655641702421583, 0.0068655641702421583, 0.0068655641702421583, 0.006862255222858004, 0.0068545221896377795, 0.0068526714136284981, 0.0068492609119719062, 0.0068474184821934155, 0.0068456061840833516, 0.0068441604700767355, 0.0068408015341328895, 0.0068407634067096127, 0.0068380734507294356, 0.006835650182972503, 0.0068290134835281378, 0.0068286277542273822, 0.0068286277542273822, 0.006828296786996182, 0.006828296786996182, 0.006828296786996182, 0.0068282927116184288, 0.0068282927116184288, 0.0068269230263066968, 0.0068268822852576355, 0.0068263017881840292, 0.0068263017881840292, 0.0068262540563071615, 0.0068262540563071615, 0.0068257594497311046, 0.0068253113074821089, 0.006824972350047448, 0.006824724172905851, 0.006824724172905851, 0.0068244066472030306, 0.0068244066472030306, 0.006824033829497732, 0.0068238233714074869, 0.0068229551225519776, 0.0068229551225519776, 0.0068229382658720715, 0.0068202579151065909, 0.0066951112117668464, 0.0066450572298186912, 0.006626229412600812, 0.006626229412600812, 0.0066096995979697459, 0.0066096995979697459, 0.0066096995979697459, 0.0066096995979697459, 0.0066091169396708914, 0.0066091169396708914, 0.0066091169396708914, 0.0066087343419203408, 0.0066087226333379932, 0.0066087226333379932, 0.0066087226333379932, 0.0066087226333379932, 0.0066087226333379932, 0.0066087226333379932, 0.0066087226333379932, 0.0066087226333379932, 0.0066087226333379932, 0.0066054878255042884, 0.0066054696425990704, 0.0066054643334905912, 0.0066054643334905912, 0.0066054643334905912, 0.0066054643334905912, 0.006605443822519594, 0.0066054288170490673, 0.0066053701239946628, 0.0066043636829220551, 0.0066043636829220551, 0.0066042157910591835, 0.0065031368813616265, 0.0065029521779593896, 0.0065029521318600821, 0.0064191658818472056, 0.006418117469214688, 0.0064175684656199768, 0.0064175684656199768, 0.0064175684656199768, 0.0064175684656199768, 0.0064175492044911174, 0.0064175492044911174, 0.0064175492044911174, 0.0064175492044911174, 0.0064175492044911174, 0.0064175466169455603, 0.0064175466169455603, 0.0064174649596844893, 0.0064174649596844893, 0.0064174638336834452]
Testing error of GA: 
[0.11111097378185988, 0.11852776015924944, 0.10466507573683222, 0.11852776015924944, 0.061656078072473447, 0.097328212212459464, 0.11852776015924944, 0.064433393137470263, 0.083421254669819325, 0.1062970977927131, 0.10749186432942509, 0.10295121923855959, 0.099491785541018021, 0.098341057269127882, 0.069135835843866136, 0.072564611576574026, 0.07228963384429582, 0.072545740850315857, 0.064948021351392715, 0.06924179975510808, 0.071500532006686976, 0.071740224331778915, 0.071718393191541302, 0.070112674954168189, 0.070377804013164555, 0.070376897314803052, 0.070419913393082817, 0.070419913393082817, 0.070211212212753601, 0.070211212212753601, 0.070128182028255354, 0.070056253319133149, 0.06916398164836543, 0.069408215191854056, 0.06930436384812283, 0.069304363848117875, 0.069293704817164209, 0.069293704817135121, 0.069304624660074879, 0.069239097684952705, 0.069239097684952705, 0.069239097684937578, 0.069239776567110667, 0.068953606884908619, 0.069136014530972997, 0.06925542265746798, 0.069257666744313565, 0.069280100741035883, 0.069114879388077158, 0.069235146930524738, 0.069136097430579482, 0.069235146930488198, 0.069235146930488156, 0.069219596386658741, 0.069314077065913901, 0.06931407706586061, 0.069302681350748976, 0.06914794634816944, 0.06914794634816944, 0.042612603430225646, 0.069146763757596388, 0.058000704297076072, 0.069146763757596388, 0.069143266748288731, 0.069142567343977515, 0.06914256734396225, 0.06914038249214112, 0.069139534691945517, 0.069140230633348496, 0.069135810258658795, 0.069139387703804525, 0.069138841962868236, 0.069139747559560344, 0.069139089739333942, 0.069138406576265063, 0.069138599014378133, 0.069136034759824508, 0.069138402361439685, 0.069138402361344511, 0.069138402361344567, 0.069138402361344567, 0.069137467311540302, 0.06913588238000519, 0.069137342845056085, 0.069137342845056057, 0.069135795697165048, 0.069135804002323373, 0.069137041277142389, 0.069137513628537484, 0.069136685214294877, 0.069135904017519609, 0.069136178710077115, 0.06811503573720594, 0.069135318546513308, 0.06913431101938515, 0.069134005858274158, 0.06913398896727059, 0.069131096804891698, 0.059167603154760814, 0.069122737330635869, 0.069094140655287406, 0.069094140655300493, 0.069111799473832211, 0.069092863129365439, 0.069092863129365439, 0.069092863129368715, 0.069091367316055127, 0.069084402869878547, 0.069079151810260753, 0.069067146208740826, 0.069054792791606784, 0.069056179464780168, 0.069056834547641707, 0.06906409296013695, 0.069060173653241436, 0.069056906993825398, 0.069031371179865644, 0.069031371179865644, 0.069031371179870266, 0.069020233602768238, 0.069020233602768238, 0.069033519938105373, 0.069033519938046295, 0.069033519937376497, 0.069005627632908073, 0.069005627632908073, 0.069017215721382696, 0.069008293016077846, 0.069008293016077846, 0.069008293016077846, 0.069014801591105401, 0.059944718227610702, 0.068952855685272055, 0.068952855685534581, 0.06893225050053027, 0.068947641604154924, 0.068970774719920178, 0.058680959346047577, 0.067819532081822079, 0.068965445832086067, 0.069001479810104613, 0.066400013865999558, 0.063629395698406338, 0.068897837315142263, 0.068897837315142263, 0.068890285915677613, 0.068890285889250294, 0.068876334313962728, 0.055206614303872047, 0.068902523479664274, 0.068902523479664274, 0.068891237643055145, 0.068891232066413483, 0.06426381790769331, 0.068882323487951119, 0.068882279456072074, 0.06888237198752073, 0.068881910311540603, 0.068881893185873663, 0.068881893185873663, 0.068680947600630135, 0.059029035233224128, 0.068860054466706358, 0.068860064591203321, 0.0688590286140882, 0.0688590286140882, 0.068845394142882141, 0.068845394142882141, 0.068845394142882141, 0.068845394142882141, 0.067886584065472155, 0.068863536799856143, 0.068858620026813339, 0.068859567735041496, 0.068865151501260533, 0.06885294249784478, 0.068858178876927967, 0.068860196446210845, 0.068856254131564973, 0.068860196446210845, 0.068860196446210845, 0.068903764528523245, 0.068894907043304907, 0.068894907043304907, 0.068860050983143212, 0.068851404285553822, 0.068738065137639665, 0.068738065137639665, 0.068681016959172114, 0.068781730554060005, 0.068506506794631092, 0.068762791543360444, 0.068762751182868717, 0.068751470457788635, 0.068748180060996089, 0.068741530089981032, 0.068688250377610657, 0.068688250377610657, 0.068693379821105918, 0.068693379735377397, 0.068693377217045354, 0.068690436381274991, 0.068690419697197636, 0.054930814131054148, 0.068671009686385884, 0.068671008278748918, 0.06867100824499478, 0.057672354374108961, 0.068670982502125999, 0.068664856257664192, 0.068664739033987551, 0.068645595723740058, 0.068645394768750007, 0.06864401968779385, 0.06864401968779385, 0.068651704597262331, 0.068651689123079881, 0.068651689123079881, 0.068653452181478447, 0.068638613279555977, 0.068621258561005885, 0.068618307422228561, 0.06860670870219153, 0.067520385286541279, 0.068577601678104852, 0.068559646834621291, 0.068559646834621291, 0.068559646834621291, 0.068541193810605403, 0.068541193810605403, 0.06854117814233418, 0.06854117814233418, 0.06854117814233418, 0.068541150448161045, 0.068541150448161045, 0.068541054914116023, 0.068519520634599262, 0.068519486467624485, 0.06851303556420997, 0.06851303556420997, 0.06851303556420997, 0.068510730116913207, 0.068510730116913207, 0.068508190243716613, 0.068517781298951461, 0.068518957939223121, 0.068563521078513712, 0.068321525206703121, 0.068321154922421329, 0.057237516756627055, 0.068431613667868402, 0.068064901328288643, 0.068432307918713214, 0.068467730095339435, 0.050470791083050387, 0.068271426134794685, 0.069163525528419451, 0.070706308076698643, 0.069136539480508269, 0.069127193037937434, 0.075299364959444962, 0.05476111502118762, 0.074841229683962993, 0.068613397264375542, 0.074897776446159664, 0.069268276952451704, 0.072749989338897883, 0.067194136789170966, 0.067413796044160687, 0.071713884557026583, 0.071801298108983169, 0.071529486825451377, 0.070434039816271429, 0.070493546359045131, 0.058326320680078404, 0.070648280417964976, 0.069053602908049863, 0.069909139236507115, 0.06939347782374615, 0.069743764840969877, 0.06985790127828688, 0.069148781920904123, 0.06985790127828688, 0.06985790127828688, 0.06985790127828688, 0.06985790127828688, 0.067761713025027454, 0.069134095424599917, 0.069132924277656049, 0.069377772904046786, 0.068429127067156675, 0.06883546858986471, 0.047934213301054678, 0.065870430744487757, 0.060785601556514877, 0.042912051724313303, 0.066634840105183529, 0.064597577047757371, 0.065841450211213542, 0.065772194169660861, 0.065772194169660861, 0.065761552660740838, 0.065761552660740838, 0.064588985349645134, 0.063758182286911297, 0.063479652735648734, 0.063700114718882747, 0.063520501013666159, 0.055713479408575753, 0.063509641080784843, 0.057723066465157166, 0.063538689013305866, 0.06208030815849782, 0.063420087061944297, 0.061205198099767211, 0.04656011644136037, 0.059417983548923033, 0.059731404677661054, 0.060210085753786197, 0.060210085753786197, 0.060210085753786197, 0.041164326524275395, 0.056286815484251213, 0.0578669450073667, 0.048175602300450135, 0.026719671127546231, 0.026719671127546231, 0.029283619857615521, 0.020687536546731077, 0.026033991283244427, 0.021173037438766525, 0.021087544907852078, 0.021087544907852078, 0.021087544907852078, 0.021087544907852078, 0.019498267650210611, 0.021386385646758724, 0.017904833600001953, 0.017904833600001953, 0.016972932064207316, 0.018914870358669952, 0.019048392006552541, 0.020115404257243154, 0.019983751011369486, 0.020955571099530071, 0.020924751516976783, 0.020021049355372151, 0.018008565111080243, 0.0188491100999424, 0.018218612752276341, 0.020678835678869332, 0.019909652950725554, 0.019909652950725554, 0.021007307534677121, 0.021007307534677121, 0.021580551892287924, 0.021580551892287924, 0.020003447791376253, 0.0206082780130139, 0.0206082780130139, 0.019049721316339634, 0.019063817862289344, 0.019063817862289344, 0.019137519978519434, 0.019686480974172624, 0.019686480974172624, 0.019686480974172624, 0.019686480974172624, 0.020404848731526724, 0.020404848731526724, 0.020404848731526724, 0.020284977236383447, 0.020284977236383447, 0.020939128608423507, 0.021096658569424047, 0.021096658569424047, 0.023052317132705089, 0.023328005930462928, 0.020324044096319497, 0.020349139171098356, 0.020349139171098356, 0.020349139171098356, 0.021163331285807524, 0.021235244127532873, 0.021080040042898037, 0.021492009558834572, 0.021492009558834572, 0.018870854516752099, 0.018870854516752099, 0.018870854516752099, 0.019081862475664645, 0.019081862475664645, 0.019633845371829901, 0.019633845371829901, 0.019087734169320691, 0.019087734169320691, 0.019087734169320691, 0.019087734169320691, 0.019098303444298512, 0.019098303444298512, 0.019098303444298512, 0.019098303444298512, 0.019098303444298512, 0.018694228756923798, 0.018946545585741763, 0.019005343059146435, 0.019060103009911948, 0.019095310053080728, 0.019095310053080728, 0.019095310053080728, 0.019230921725422297, 0.019457163275309473, 0.018783330936341814, 0.01878474972529014, 0.018668288441449393, 0.018975254370984039, 0.018636685343618863, 0.018965511839276104, 0.018962354713893206, 0.0189551932922375, 0.018968530105481121, 0.018905020385393365, 0.018898183027089826, 0.018898183027089826, 0.018899450683978639, 0.018899450683978639, 0.018899450683978639, 0.018906323814757181, 0.018906323814757181, 0.018914742840638352, 0.018906214985742204, 0.018876736322732696, 0.018876736322732696, 0.018849981908810261, 0.018849981908810261, 0.018857697110790484, 0.018905758807243014, 0.018880902832489898, 0.018877868618576453, 0.018877868618576453, 0.018875157001014536, 0.018875157001014536, 0.018873027946758089, 0.018692670853688365, 0.018707159148163375, 0.018707159148163375, 0.018706364360304158, 0.018756431777145945, 0.017576139263100591, 0.017747441292667299, 0.017970677067473927, 0.017970677067473927, 0.018264897200353132, 0.018264897200353132, 0.018264897200353132, 0.018264897200353132, 0.018126119100987142, 0.018126119100987142, 0.018126119100987142, 0.018209808918561457, 0.01817668109467805, 0.01817668109467805, 0.01817668109467805, 0.01817668109467805, 0.01817668109467805, 0.01817668109467805, 0.01817668109467805, 0.01817668109467805, 0.01817668109467805, 0.018300578130566413, 0.018300767541709093, 0.018297495325175512, 0.018297495325175512, 0.018297495325175512, 0.018297495325175512, 0.018297320231999634, 0.018297303041064739, 0.018297221487667548, 0.018243079539146861, 0.018243079539146861, 0.01824322116335983, 0.017519738483396986, 0.017519868540314731, 0.017519848149118944, 0.017112371343323822, 0.016963649576182099, 0.017047336767796597, 0.017047336767796597, 0.017047336767796597, 0.017047336767796597, 0.017043779960400112, 0.017043779960400112, 0.017043779960400112, 0.017043779960400112, 0.017043779960400112, 0.017043839346727069, 0.017043839346727069, 0.017031109182557409, 0.017031109182557409, 0.017030994784606457]
Training time of GA:  47.1319589615
Testing time of GA:  20.6551675797
-------------------------------***********FINISHED************-------------------------------------