Case2_Result:

Create Case_2 Datasets: 
P >>>>>>>>>>
[[[ 0.1   0.9   0.   ...,  0.    0.    0.  ]
  [ 0.    0.1   0.9  ...,  0.    0.    0.  ]
  [ 0.    0.    0.1  ...,  0.    0.    0.  ]
  ..., 
  [ 0.    0.    0.   ...,  0.1   0.9   0.  ]
  [ 0.    0.    0.   ...,  0.    0.1   0.9 ]
  [ 0.    0.    0.   ...,  0.    0.    1.  ]]

 [[ 0.4   0.6   0.   ...,  0.    0.    0.  ]
  [ 0.3   0.2   0.5  ...,  0.    0.    0.  ]
  [ 0.09  0.21  0.2  ...,  0.    0.    0.  ]
  ..., 
  [ 0.    0.    0.   ...,  0.2   0.5   0.  ]
  [ 0.    0.    0.   ...,  0.21  0.2   0.5 ]
  [ 0.    0.    0.   ...,  0.09  0.21  0.7 ]]

 [[ 0.5   0.5   0.   ...,  0.    0.    0.  ]
  [ 0.3   0.3   0.4  ...,  0.    0.    0.  ]
  [ 0.12  0.18  0.3  ...,  0.    0.    0.  ]
  ..., 
  [ 0.    0.    0.   ...,  0.3   0.4   0.  ]
  [ 0.    0.    0.   ...,  0.18  0.3   0.4 ]
  [ 0.    0.    0.   ...,  0.12  0.18  0.7 ]]

 [[ 0.6   0.4   0.   ...,  0.    0.    0.  ]
  [ 0.3   0.4   0.3  ...,  0.    0.    0.  ]
  [ 0.12  0.18  0.4  ...,  0.    0.    0.  ]
  ..., 
  [ 0.    0.    0.   ...,  0.4   0.3   0.  ]
  [ 0.    0.    0.   ...,  0.18  0.4   0.3 ]
  [ 0.    0.    0.   ...,  0.12  0.18  0.7 ]]

 [[ 1.    0.    0.   ...,  0.    0.    0.  ]
  [ 0.6   0.4   0.   ...,  0.    0.    0.  ]
  [ 0.24  0.36  0.4  ...,  0.    0.    0.  ]
  ..., 
  [ 0.    0.    0.   ...,  0.4   0.    0.  ]
  [ 0.    0.    0.   ...,  0.36  0.4   0.  ]
  [ 0.    0.    0.   ...,  0.24  0.36  0.4 ]]]
R >>>>>>>>>>
[[ 10.    8.    6.    3.   -1. ]
 [  9.3   7.4   5.6   2.8  -1.1]
 [  8.6   6.8   5.2   2.6  -1.2]
 [  7.9   6.2   4.8   2.4  -1.3]
 [  7.2   5.6   4.4   2.2  -1.4]
 [  6.5   5.    4.    2.   -1.5]
 [  5.8   4.4   3.6   1.8  -1.6]
 [  5.1   3.8   3.2   1.6  -1.7]
 [  4.4   3.2   2.8   1.4  -1.8]
 [  3.7   2.6   2.4   1.2  -1.9]
 [  3.    2.    2.    1.   -2. ]
 [  2.3   1.4   1.6   0.8  -2.1]
 [  1.6   0.8   1.2   0.6  -2.2]
 [  0.9   0.2   0.8   0.4  -2.3]
 [  0.2  -0.4   0.4   0.2  -2.4]
 [ -0.5  -1.    0.    0.   -2.5]
 [ -1.2  -1.6  -0.4  -0.2  -2.6]
 [ -1.9  -2.2  -0.8  -0.4  -2.7]
 [ -2.6  -2.8  -1.2  -0.6  -2.8]
 [ -3.3  -3.4  -1.6  -0.8  -2.9]
 [ -4.   -4.   -2.   -1.   -3. ]
 [ -4.7  -4.6  -2.4  -1.2  -3.1]
 [ -5.4  -5.2  -2.8  -1.4  -3.2]
 [ -6.1  -5.8  -3.2  -1.6  -3.3]
 [ -6.8  -6.4  -3.6  -1.8  -3.4]
 [ -7.5  -7.   -4.   -2.   -3.5]
 [ -8.2  -7.6  -4.4  -2.2  -3.6]
 [ -8.9  -8.2  -4.8  -2.4  -3.7]
 [ -9.6  -8.8  -5.2  -2.6  -3.8]
 [-10.3  -9.4  -5.6  -2.8  -3.9]
 [-11.  -10.   -6.   -3.   -4. ]
 [-11.7 -10.6  -6.4  -3.2  -4.1]
 [-12.4 -11.2  -6.8  -3.4  -4.2]
 [-13.1 -11.8  -7.2  -3.6  -4.3]
 [-13.8 -12.4  -7.6  -3.8  -4.4]
 [-14.5 -13.   -8.   -4.   -4.5]
 [-15.2 -13.6  -8.4  -4.2  -4.6]
 [-15.9 -14.2  -8.8  -4.4  -4.7]
 [-16.6 -14.8  -9.2  -4.6  -4.8]
 [-17.3 -15.4  -9.6  -4.8  -4.9]]



>>>>>>>>>>> Policy & Value Iterations >>>>>>>>>>>>>>>

Iterations with GAMMA >>>>>>>>>> 0.1
Policy-iteration ~~~~~~ 
[0 0 0 0 0 0 0 0 0 0 0 0 0 0 2 2 3 3 3 3 3 3 3 3 3 3 3 3 3 3 3 3 3 3 3 3 3
 3 3 3]
 Iteration   Variation
         1           1
         2           0
Iterating stopped, unchanging policy found.
Value-iteration ~~~~~~ 
None
 Iteration   Variation
         1   14.800000
         2    1.408600
         3    0.133900
Iterating stopped due to maximum number of iterations condition.
--------------------------------------------------
Iterations with GAMMA >>>>>>>>>> 0.2
Policy-iteration ~~~~~~ 
[0 0 0 0 0 0 0 0 0 0 0 0 0 0 2 2 3 3 3 3 3 3 3 3 3 3 3 3 3 3 3 3 3 3 3 3 3
 3 3 3]
 Iteration   Variation
         1           2
         2           0
Iterating stopped, unchanging policy found.
Value-iteration ~~~~~~ 
None
 Iteration   Variation
         1   14.800000
         2    2.817200
         3    0.535600
         4    0.101627
Iterating stopped due to maximum number of iterations condition.
--------------------------------------------------
Iterations with GAMMA >>>>>>>>>> 0.3
Policy-iteration ~~~~~~ 
[0 0 0 0 0 0 0 0 0 0 0 0 0 0 2 2 3 3 3 3 3 3 3 3 3 3 3 3 3 3 3 3 3 3 3 3 3
 3 3 3]
 Iteration   Variation
         1           2
         2           0
Iterating stopped, unchanging policy found.
Value-iteration ~~~~~~ 
None
 Iteration   Variation
         1   14.800000
         2    4.225800
         3    1.205100
         4    0.342991
         5    0.097381
         6    0.027568
Iterating stopped due to maximum number of iterations condition.
--------------------------------------------------
Iterations with GAMMA >>>>>>>>>> 0.4
Policy-iteration ~~~~~~ 
[0 0 0 0 0 0 0 0 0 0 0 0 0 0 2 2 3 3 3 3 3 3 3 3 3 3 3 3 3 3 3 3 3 3 3 3 3
 3 3 3]
 Iteration   Variation
         1           2
         2           0
Iterating stopped, unchanging policy found.
Value-iteration ~~~~~~ 
None
 Iteration   Variation
         1   14.800000
         2    5.634400
         3    2.142400
         4    0.813015
         5    0.307771
         6    0.116173
         7    0.043706
         8    0.016381
Iterating stopped due to maximum number of iterations condition.
--------------------------------------------------
Iterations with GAMMA >>>>>>>>>> 0.5
Policy-iteration ~~~~~~ 
[0 0 0 0 0 0 0 0 0 0 0 0 0 0 2 2 3 3 3 3 3 3 3 3 3 3 3 3 3 3 3 3 3 3 3 3 3
 3 3 3]
 Iteration   Variation
         1           3
         2           0
Iterating stopped, unchanging policy found.
Value-iteration ~~~~~~ 
None
 Iteration   Variation
         1   14.800000
         2    7.043000
         3    3.347500
         4    1.587920
         5    0.751394
         6    0.354532
         7    0.166727
         8    0.078111
         9    0.036436
        10    0.016911
        11    0.007803
Iterating stopped, epsilon-optimal policy found.
--------------------------------------------------
Iterations with GAMMA >>>>>>>>>> 0.6
Policy-iteration ~~~~~~ 
[0 0 0 0 0 0 0 0 0 0 0 0 0 0 2 2 3 3 3 3 3 3 3 3 3 3 3 3 3 3 3 3 3 3 3 3 3
 3 3 3]
 Iteration   Variation
         1           5
         2           1
         3           0
Iterating stopped, unchanging policy found.
Value-iteration ~~~~~~ 
None
 Iteration   Variation
         1   14.800000
         2    8.451600
         3    4.820400
         4    2.743926
         5    1.558090
         6    0.882189
         7    0.497844
         8    0.279885
         9    0.156036
        10    0.086710
        11    0.047929
        12    0.026312
        13    0.014326
        14    0.007720
        15    0.004292
Iterating stopped, epsilon-optimal policy found.
--------------------------------------------------
Iterations with GAMMA >>>>>>>>>> 0.7
Policy-iteration ~~~~~~ 
[0 0 0 0 0 0 0 0 0 0 0 0 0 0 2 2 3 3 3 3 3 3 3 3 3 3 3 3 3 3 3 3 3 3 3 3 3
 3 3 3]
 Iteration   Variation
         1           9
         2           2
         3           0
Iterating stopped, unchanging policy found.
Value-iteration ~~~~~~ 
None
 Iteration   Variation
         1   14.800000
         2    9.860200
         3    6.561100
         4    4.346685
         5    2.870974
         6    1.887970
         7    1.237993
         8    0.809163
         9    0.526737
        10    0.341190
        11    0.219684
        12    0.140436
        13    0.088997
        14    0.056300
        15    0.037146
        16    0.025279
        17    0.017376
        18    0.011984
        19    0.008274
        20    0.005715
        21    0.003948
Iterating stopped, epsilon-optimal policy found.
--------------------------------------------------
Iterations with GAMMA >>>>>>>>>> 0.8
Policy-iteration ~~~~~~ 
[0 0 0 0 0 0 0 0 0 0 0 0 0 0 2 2 3 3 3 3 3 3 3 3 3 3 3 3 3 3 3 3 3 3 3 3 3
 3 3 3]
 Iteration   Variation
         1          18
         2           0
Iterating stopped, unchanging policy found.
Value-iteration ~~~~~~ 
None
 Iteration   Variation
         1   14.800000
         2   11.268800
         3    8.560160
         4    6.472100
         5    4.877650
         6    3.663531
         7    2.740745
         8    2.042607
         9    1.515807
        10    1.117532
        11    0.858854
        12    0.680340
        13    0.531744
        14    0.417980
        15    0.329078
        16    0.259030
        17    0.204090
        18    0.160878
        19    0.126827
        20    0.099952
        21    0.078746
        22    0.062036
        23    0.048882
        24    0.038531
        25    0.030384
        26    0.023970
        27    0.018917
        28    0.014934
        29    0.011793
        30    0.009315
        31    0.007359
        32    0.005815
        33    0.004596
        34    0.003633
        35    0.002872
        36    0.002271
Iterating stopped, epsilon-optimal policy found.
--------------------------------------------------
Iterations with GAMMA >>>>>>>>>> 0.9
Policy-iteration ~~~~~~ 
[0 0 0 0 0 0 0 0 0 0 0 0 0 0 2 2 3 3 3 3 3 3 3 3 3 3 3 3 3 3 3 3 3 3 3 3 3
 3 3 3]
 Iteration   Variation
         1          26
         2           2
         3           0
Iterating stopped, unchanging policy found.
Value-iteration ~~~~~~ 
None
 Iteration   Variation
         1   14.800000
         2   12.677400
         3   10.816840
         4    9.198739
         5    7.791317
         6    6.575818
         7    5.528705
         8    4.848794
         9    4.283550
        10    3.763459
        11    3.315148
        12    2.917580
        13    2.568959
        14    2.262173
        15    1.992523
        16    1.755357
        17    1.546734
        18    1.363246
        19    1.201811
        20    1.059727
        21    0.934653
        22    0.824581
        23    0.727699
        24    0.642377
        25    0.567190
        26    0.500916
        27    0.442508
        28    0.391046
        29    0.345706
        30    0.305733
        31    0.270450
        32    0.239272
        33    0.211700
        34    0.187316
        35    0.165756
        36    0.146702
        37    0.129868
        38    0.114999
        39    0.101863
        40    0.090257
        41    0.079997
        42    0.070923
        43    0.062894
        44    0.055786
        45    0.049491
        46    0.043913
        47    0.038969
        48    0.034586
        49    0.030699
        50    0.027251
        51    0.024192
        52    0.021478
        53    0.019070
        54    0.016932
        55    0.015035
        56    0.013350
        57    0.011855
        58    0.010527
        59    0.009348
        60    0.008302
        61    0.007372
        62    0.006547
        63    0.005814
        64    0.005163
        65    0.004585
        66    0.004072
        67    0.003616
        68    0.003211
        69    0.002852
        70    0.002532
        71    0.002249
        72    0.001997
        73    0.001773
        74    0.001575
        75    0.001398
        76    0.001241
        77    0.001102
Iterating stopped, epsilon-optimal policy found.
--------------------------------------------------
Total iteration times for value-iteration with different gamma values: 
[3, 4, 6, 8, 11, 15, 21, 36, 77]
Total iteration times for policy-iteration with different gamma values: 
[2, 2, 2, 2, 2, 3, 3, 2, 3]
([3, 4, 6, 8, 11, 15, 21, 36, 77], [2, 2, 2, 2, 2, 3, 3, 2, 3])

>>>>>>>>>>> Q-Learning >>>>>>>>>>>>>

REAL Values from policy-iteration: 
(68.71088023301553, 64.84802594079522, 60.49654135230641, 55.522901571570436, 50.31609527088318, 45.033666390134584, 39.82335423648051, 34.81818624274897, 30.17015953501875, 25.785411199162386, 21.59838949027393, 17.586695788482327, 13.76256782960607, 10.18056592480197, 6.952538865425456, 4.12598469798858, 1.536362187537605, -0.8741182167260456, -3.1627136313649173, -5.36465440451107, -7.505979419257609, -9.604369417061722, -11.67201883449101, -13.716809004557126, -15.743032646986478, -17.751258522992824, -19.73710664226454, -21.688136460925648, -23.57725977208271, -25.34948381517928, -27.04050135451243, -28.650954598344928, -30.19321497256007, -31.673762256799954, -33.100052195744006, -34.47804618576539, -35.81327849760734, -37.11056282710955, -38.374203924166686, -39.608005690758866)
REAL policies from policy-iteration:
(0, 1, 1, 1, 1, 1, 1, 1, 2, 2, 2, 2, 2, 2, 3, 3, 3, 3, 3, 3, 3, 3, 3, 3, 3, 3, 3, 3, 3, 4, 4, 4, 4, 4, 4, 4, 4, 4, 4, 4)
-------------------------------------------------------
Greedy factor >>>>>>>> 0.0
Selected Policy: 
(0, 0, 0, 0, 0, 0, 1, 2, 2, 0, 0, 2, 0, 0, 2, 3, 3, 3, 3, 3, 3, 3, 3, 3, 3, 3, 3, 3, 3, 3, 3, 4, 3, 3, 3, 3, 4, 4, 4, 4)
Value: 
(5.225871146060751, 8.960186207938776, 8.063119550602998, 10.31302913709527, 8.832144954877368, 8.659000793749883, 7.216300501829106, 5.626495036941405, 3.7502873831665937, 3.454874784902905, 2.3666753338718016, 1.6553668220050972, 1.0914771411952686, 0.6363670625636966, 0.3317674574909386, 0.034393941306367, -0.17620538417823606, -0.36517893279444247, -0.5511845803695439, -0.8639995743360438, -1.5200401759287652, -1.7417580244746327, -2.0429232995193063, -1.903411487732127, -1.7944398168387066, -2.133248152765283, -2.215805682059568, -2.737903515158107, -2.2748629451916162, -2.813705905033445, -2.616183947809062, -2.482755996514467, -2.52752528155646, -1.9893581028435867, -2.4165555819690447, -2.03596732831876, -2.8388160386974968, -3.6149922391577847, -3.3251203974225954, -5.172833269851104)
Greedy factor >>>>>>>> 0.2
Selected Policy: 
(3, 0, 0, 0, 0, 0, 0, 3, 0, 0, 0, 0, 0, 0, 2, 3, 3, 3, 3, 3, 3, 3, 3, 3, 3, 3, 3, 3, 2, 3, 3, 3, 3, 4, 3, 4, 4, 3, 3, 4)
Value: 
(2.9361948632979327, 8.903229161439082, 10.104840584985224, 9.143893115468925, 6.844539881334935, 7.899630857281888, 6.178377741538719, 3.8935363049274776, 4.906910803695121, 5.370754178515606, 4.4904494747425545, 3.8922809037877557, 2.8514698205589686, 1.734691971818957, 1.2498457728394046, 0.25742791222323463, -0.21901504191247795, -0.6718174697140935, -1.1332074967327894, -1.4833968399011017, -1.6813836736598304, -1.9407418143378694, -2.12790701817531, -2.5297640843204925, -2.477532461046002, -2.228758473455707, -2.114539134742372, -2.95072491399074, -3.5212203499446146, -3.565136201083069, -3.4537530081048455, -3.2869648486432164, -3.0185653699671997, -3.3687899138175283, -3.82288329486571, -3.540555626340656, -3.4623496838261922, -2.729604201058431, -1.8697897004595372, -2.1676638973009763)
Greedy factor >>>>>>>> 0.4
Selected Policy: 
(3, 0, 0, 0, 0, 0, 0, 0, 0, 0, 2, 0, 0, 0, 2, 3, 3, 3, 3, 3, 2, 3, 4, 3, 2, 4, 3, 2, 3, 3, 3, 4, 3, 3, 3, 3, 3, 3, 3, 4)
Value: 
(2.5545881579544067, 5.310336695940018, 8.586426876616533, 8.722638166155953, 6.475053714811209, 6.672052212991695, 4.882114726795058, 4.1930183165042285, 5.286580626028719, 4.854815388396039, 3.809526470814992, 3.6406791355519657, 3.275491761417497, 2.240348560806755, 1.6362500054473963, 0.6217689760627556, -0.3080198623973281, -1.144002702913967, -1.7041089807644483, -2.2818973763111368, -2.7451492159009105, -3.0829839981668927, -3.4184136479102567, -3.735128833249726, -4.162138606753289, -4.094619702927167, -4.150715367923845, -4.102866096867612, -3.4928583212852926, -3.280152708392811, -3.2270729172655135, -2.856695062783903, -2.5589218885797047, -2.3133643521996894, -2.4282334058312056, -2.313352650213936, -2.5636023161300217, -1.8596224223459947, -1.3518374064131742, -1.6341432535879632)
Greedy factor >>>>>>>> 0.6
Selected Policy: 
(3, 0, 0, 0, 0, 0, 0, 3, 0, 0, 1, 3, 0, 0, 3, 3, 3, 3, 3, 3, 2, 3, 1, 3, 3, 3, 3, 4, 2, 4, 3, 4, 4, 4, 2, 3, 4, 3, 4, 4)
Value: 
(2.0360962430913183, 5.465480978772814, 6.70760993698839, 10.508900914628082, 8.732660133791205, 7.9440797117847985, 6.380834573190988, 4.002733121534451, 6.372721581457368, 6.274920246033631, 4.655638294081786, 3.0589907412587776, 2.4674449202493096, 1.5957778329297436, 0.9616766441768361, 0.08774631960052925, -0.7181170773255456, -1.4373551263216362, -2.183607786919545, -2.670930681167904, -3.120224584666595, -3.409247579980805, -3.290990775929783, -3.6882686537207947, -3.9450999588199323, -3.988294216410597, -4.498405524303801, -4.314754168323926, -4.036057791611237, -3.94539719027848, -3.74197470847631, -3.084178945375418, -3.0057051549557876, -2.95463037688729, -3.338305254899979, -2.889707413063386, -2.6810224124223723, -2.1226110955771786, -1.8754358159598998, -1.6015495458963958)
Greedy factor >>>>>>>> 0.8
Selected Policy: 
(3, 0, 0, 0, 0, 0, 0, 0, 0, 2, 0, 0, 0, 0, 3, 3, 3, 3, 3, 2, 4, 3, 4, 2, 3, 3, 2, 2, 3, 3, 3, 4, 3, 4, 3, 4, 3, 3, 4, 4)
Value: 
(2.033324476603614, 4.70209282847693, 4.299818511883738, 6.988630513738844, 4.563749612378546, 4.512630242848962, 4.223331244262706, 5.955789476832743, 4.699823594780905, 3.716713123647524, 3.0808558049576815, 3.3800035466960647, 3.394633697002846, 2.2887076657175216, 1.5383046987865927, 0.34661598910142105, -0.5331129818408815, -1.4534855452706976, -2.2876447768397723, -2.91249886521951, -3.3838858868060826, -3.590048128086019, -3.6487487605278863, -3.5888531393785406, -3.6834244234468003, -4.046811663380118, -4.46933816034147, -4.280466824341879, -4.069914689153283, -3.3819174039205384, -2.9441115721238096, -2.7685197178159138, -3.022350964206272, -2.8928516049914483, -2.3952742616217506, -1.2069505807534326, -1.4186364029238323, -0.8136246067614119, -0.6155069227851319, -0.31202613013901087)
Greedy factor >>>>>>>> 1.0
Selected Policy: 
(3, 0, 0, 0, 0, 0, 0, 0, 0, 0, 0, 0, 2, 0, 2, 2, 3, 3, 3, 3, 3, 3, 1, 4, 3, 1, 2, 3, 0, 3, 1, 4, 2, 4, 3, 4, 3, 4, 2, 4)
Value: 
(2.0614630570131895, 5.23112706487317, 5.437912921501008, 6.207634496058808, 3.987162484487373, 3.476150358140875, 3.66388620101066, 3.4320240823888666, 3.763924086204479, 4.797534137047124, 6.7356216827538296, 6.368740703199811, 5.29704390190167, 3.008852500045871, 2.232707938882142, 0.8907548103197722, -0.17342144887779654, -1.2915545256325431, -2.094976301438817, -2.692420940863185, -3.3694212318375056, -3.9162761742054646, -4.114796614083054, -4.066587159087591, -3.9587941264506243, -3.4774757982351723, -3.243600166657758, -2.632169437408313, -2.5336455933483166, -2.2043215529633944, -2.5020644786442494, -2.29565743075703, -2.428925662028161, -1.4966384022213584, -1.0285081568965753, -0.9509617934525059, -0.6685909843767254, -0.8411688601427125, -1.2564297634782577, -1.1437144337720508)
Greedy factor >>>>>>>> 1.2
Selected Policy: 
(3, 0, 0, 0, 0, 0, 3, 0, 2, 0, 0, 0, 1, 0, 0, 3, 2, 3, 3, 3, 3, 3, 4, 3, 0, 2, 3, 3, 3, 2, 3, 3, 4, 4, 3, 4, 0, 0, 2, 2)
Value: 
(1.9556918647663144, 4.372265076620445, 4.024478955152542, 3.7105463533697507, 5.590692324641076, 4.645852481154335, 3.1524661466800343, 4.068443273618326, 3.14004180110635, 2.6036131289204527, 2.4124693324954354, 2.2917719136676924, 1.433662243801146, 1.1273657104107877, 0.12578654131847233, -0.1510590097391487, -1.0969457622312828, -1.7660198523387969, -2.5750551638993544, -3.1234200500192792, -3.5214056152177355, -3.813835496087986, -3.9934910469784826, -4.061901233174412, -4.267562060523867, -4.348277740893491, -3.9384551288109564, -3.641658351961465, -3.5722010800474853, -3.5678804785988945, -3.2083367157112046, -2.879726111860126, -2.736807820911245, -2.719279126851603, -2.1215070072516937, -1.8448431720180978, -1.9782082997135761, -1.6465420124847068, -0.7808274812172751, -0.6627633440474372)
Greedy factor >>>>>>>> 1.4
Selected Policy: 
(3, 0, 0, 0, 0, 0, 0, 0, 0, 0, 0, 0, 0, 0, 2, 3, 3, 2, 3, 3, 3, 3, 3, 0, 4, 3, 4, 3, 4, 1, 3, 4, 3, 3, 3, 1, 2, 4, 3, 4)
Value: 
(1.952089881617876, 4.375301050037587, 3.9914520512299, 5.46046595331133, 5.403543138356088, 3.9901084198235806, 3.6220346380936004, 3.333648479360501, 3.0868130289122, 2.5033520119854904, 2.251087895124869, 1.8227121231731003, 2.003347309476559, 1.6149556241479572, 1.0026172273316327, -0.07919021675646509, -1.0773927953033957, -1.9225809648269254, -2.7307394299005656, -3.1998950180604555, -3.5047995432726533, -3.5800653254870514, -3.4462555827539356, -3.4759955919032395, -3.2725699740009877, -3.246540021304693, -3.236477555859686, -3.302185553687044, -3.3107906213482066, -3.210495157481359, -3.058851032199967, -2.5587486080672104, -2.3267616404678315, -1.7950238410530763, -1.5966073010334938, -1.1633557199415023, -1.8624169279310214, -3.054017065251195, -1.6990511947328837, -1.680426970964466)
Greedy factor >>>>>>>> 1.6
Selected Policy: 
(3, 0, 0, 0, 0, 0, 0, 0, 0, 0, 0, 0, 0, 0, 2, 3, 3, 2, 3, 3, 3, 3, 3, 0, 4, 3, 4, 3, 4, 1, 3, 4, 3, 3, 3, 1, 2, 4, 3, 4)
Value: 
(1.952089881617876, 4.375301050037587, 3.9914520512299, 5.46046595331133, 5.403543138356088, 3.9901084198235806, 3.6220346380936004, 3.333648479360501, 3.0868130289122, 2.5033520119854904, 2.251087895124869, 1.8227121231731003, 2.003347309476559, 1.6149556241479572, 1.0026172273316327, -0.07919021675646509, -1.0773927953033957, -1.9225809648269254, -2.7307394299005656, -3.1998950180604555, -3.5047995432726533, -3.5800653254870514, -3.4462555827539356, -3.4759955919032395, -3.2725699740009877, -3.246540021304693, -3.236477555859686, -3.302185553687044, -3.3107906213482066, -3.210495157481359, -3.058851032199967, -2.5587486080672104, -2.3267616404678315, -1.7950238410530763, -1.5966073010334938, -1.1633557199415023, -1.8624169279310214, -3.054017065251195, -1.6990511947328837, -1.680426970964466)
Greedy factor >>>>>>>> 1.8
Selected Policy: 
(3, 0, 0, 0, 0, 0, 0, 0, 0, 0, 0, 0, 0, 0, 0, 3, 2, 3, 3, 3, 1, 3, 3, 4, 0, 4, 0, 2, 4, 3, 4, 4, 3, 2, 4, 0, 3, 2, 3, 4)
Value: 
(1.7972790693874063, 4.362186951201556, 3.995522199492033, 3.8898036056758576, 3.4179017287247793, 3.425536473662176, 3.0379917776348275, 2.8567728323656416, 2.5404546350107617, 2.4118643532017514, 2.1674467918832314, 1.5547273076834836, 1.2192753592072085, 1.0625342859424285, 0.08194170686539737, -0.115516337748222, -1.1074659690507562, -1.9067254158102966, -2.569772828362519, -3.118701146854853, -3.5457306659207903, -3.979302726120256, -3.979759404853529, -4.321746062148959, -4.823565480640638, -4.9974825525018485, -5.125646690218019, -5.162423984719194, -5.180039989122044, -4.9840135107771255, -4.60483957937099, -3.9747564916763127, -3.24596041712449, -3.1318584162879377, -3.324946581956617, -2.28725134846777, -2.136803082266156, -2.152156477601592, -1.6432853922079143, -2.06414161525325)
Greedy factor >>>>>>>> 2.0
Selected Policy: 
(3, 0, 0, 0, 0, 0, 0, 0, 0, 0, 0, 0, 0, 0, 0, 3, 2, 3, 3, 3, 1, 3, 3, 4, 0, 4, 0, 2, 4, 3, 4, 4, 3, 2, 4, 0, 3, 2, 3, 4)
Value: 
(1.7972790693874063, 4.362186951201556, 3.995522199492033, 3.8898036056758576, 3.4179017287247793, 3.425536473662176, 3.0379917776348275, 2.8567728323656416, 2.5404546350107617, 2.4118643532017514, 2.1674467918832314, 1.5547273076834836, 1.2192753592072085, 1.0625342859424285, 0.08194170686539737, -0.115516337748222, -1.1074659690507562, -1.9067254158102966, -2.569772828362519, -3.118701146854853, -3.5457306659207903, -3.979302726120256, -3.979759404853529, -4.321746062148959, -4.823565480640638, -4.9974825525018485, -5.125646690218019, -5.162423984719194, -5.180039989122044, -4.9840135107771255, -4.60483957937099, -3.9747564916763127, -3.24596041712449, -3.1318584162879377, -3.324946581956617, -2.28725134846777, -2.136803082266156, -2.152156477601592, -1.6432853922079143, -2.06414161525325)
# # # # # # # #
REAL Values from value-iteration: 
(68.70291349289349, 64.84009902085135, 60.48870821929047, 55.515197593041094, 50.30854566431654, 45.02628588321133, 39.816148881227434, 34.81115485095906, 30.16329519978812, 25.778754732492963, 21.591959029251395, 17.580506153935218, 13.756624135409544, 10.174865112900239, 6.947069358852058, 4.120797621926027, 1.531488765854514, -0.8786423690260862, -3.16685734376039, -5.3683896963242415, -7.509283530351577, -9.607226042065225, -11.674419888300507, -13.718756597438933, -15.74454147870136, -17.75235876316406, -19.7378474285339, -21.688590143625362, -23.57752704573797, -25.349699873713398, -27.04061056435905, -28.650977985946383, -30.193142781923545, -31.67359710605183, -33.09979174386096, -34.477690095012576, -35.8128256378253, -37.11001239908518, -38.37355500896385, -39.60725743110586)
REAL policies from value-iteration:
(0, 1, 1, 1, 1, 1, 1, 1, 2, 2, 2, 2, 2, 2, 3, 3, 3, 3, 3, 3, 3, 3, 3, 3, 3, 3, 3, 3, 3, 4, 4, 4, 4, 4, 4, 4, 4, 4, 4, 4)
~~~~~~~~~~~~~~~~~~~~~~~~~~~~~~~~~~~~~~~~~~~~~~~~~~~~~~~~
Greedy factor >>>>>>>> 0.0
Q: 
[[  5.22587115e+00   3.46101083e+00   2.93929142e+00   3.50372427e+00
    6.71731675e-01]
 [  8.96018621e+00   3.35346592e+00   5.85268386e+00   2.69172461e+00
    1.14103635e+00]
 [  8.06311955e+00   6.21158194e+00   5.33928811e+00   2.49009801e+00
    2.00272873e+00]
 [  1.03130291e+01   3.77947842e+00   4.16811236e+00   4.71267760e+00
    2.03969274e+00]
 [  8.83214495e+00   5.94817500e+00   6.07734735e+00   5.41341515e+00
    2.38648872e+00]
 [  8.65900079e+00   7.60108963e+00   4.84978230e+00   5.06968145e+00
    2.79208390e+00]
 [  7.09475489e+00   7.21630050e+00   4.71113172e+00   5.41632757e+00
    2.63262711e+00]
 [  4.96906639e+00   4.76610653e+00   5.62649504e+00   3.97709316e+00
    1.77163714e+00]
 [  3.21202944e+00   3.73353303e+00   3.75028738e+00   3.06993459e+00
    1.09602961e+00]
 [  3.45487478e+00   2.09931667e+00   3.09218975e+00   2.00869942e+00
    4.91799397e-01]
 [  2.36667533e+00   1.98100612e+00   2.12687390e+00   1.42037202e+00
   -1.14713101e-01]
 [  1.61658906e+00   1.31825709e+00   1.65536682e+00   1.13744887e+00
   -4.69722863e-01]
 [  1.09147714e+00   8.43452697e-01   9.44273335e-01   6.80918423e-01
   -7.51712014e-01]
 [  6.36367063e-01   2.87150744e-01   5.71998174e-01   5.33992404e-01
   -8.97622319e-01]
 [  1.15086181e-01  -1.34949047e-01   3.31767457e-01   2.16431484e-01
   -1.12032019e+00]
 [ -3.23797503e-01  -5.17105986e-01   1.27821757e-03   3.43939413e-02
   -1.45352884e+00]
 [ -8.66160440e-01  -8.79563725e-01  -2.96902014e-01  -1.76205384e-01
   -1.62684200e+00]
 [ -1.44446974e+00  -1.73946526e+00  -6.01246326e-01  -3.65178933e-01
   -1.76261620e+00]
 [ -2.20669693e+00  -2.13574833e+00  -9.47219333e-01  -5.51184580e-01
   -1.98225298e+00]
 [ -2.94444232e+00  -2.69116395e+00  -1.56115547e+00  -8.63999574e-01
   -2.43989042e+00]
 [ -3.55337837e+00  -3.48839225e+00  -2.09276529e+00  -1.52004018e+00
   -2.58445379e+00]
 [ -5.04295247e+00  -4.08204365e+00  -2.52149722e+00  -1.74175802e+00
   -2.96030439e+00]
 [ -4.96117218e+00  -4.92419512e+00  -3.23783562e+00  -2.04292330e+00
   -3.41341457e+00]
 [ -5.30020246e+00  -5.00338025e+00  -3.15098435e+00  -1.90341149e+00
   -3.41607161e+00]
 [ -5.54540718e+00  -5.81260232e+00  -3.21852251e+00  -1.79443982e+00
   -3.11576347e+00]
 [ -5.57166413e+00  -5.32075065e+00  -3.66044068e+00  -2.13324815e+00
   -2.97635610e+00]
 [ -6.70953721e+00  -6.74171782e+00  -3.54125724e+00  -2.21580568e+00
   -2.71117946e+00]
 [ -7.32910583e+00  -6.56038326e+00  -4.07875448e+00  -2.73790352e+00
   -3.32387514e+00]
 [ -7.09454102e+00  -7.42859166e+00  -4.57850405e+00  -2.27486295e+00
   -3.36552238e+00]
 [ -6.09030972e+00  -7.02090880e+00  -3.40696122e+00  -2.81370591e+00
   -3.36455407e+00]
 [ -7.71013879e+00  -6.30960024e+00  -3.28878773e+00  -2.61618395e+00
   -3.12178956e+00]
 [ -7.64499021e+00  -6.71452788e+00  -4.33433108e+00  -2.79396882e+00
   -2.48275600e+00]
 [ -6.80938360e+00  -7.18486094e+00  -3.97475927e+00  -2.52752528e+00
   -2.77849020e+00]
 [ -7.51833765e+00  -7.77183673e+00  -3.56785724e+00  -1.98935810e+00
   -2.94636810e+00]
 [ -6.64944858e+00  -7.08341072e+00  -4.79311192e+00  -2.41655558e+00
   -3.07028285e+00]
 [ -8.18817253e+00  -5.46031200e+00  -4.41341227e+00  -2.03596733e+00
   -2.83705235e+00]
 [ -1.08391452e+01  -6.41158066e+00  -4.19060441e+00  -2.86796788e+00
   -2.83881604e+00]
 [ -1.06999854e+01  -8.41746700e+00  -6.19137003e+00  -3.72145939e+00
   -3.61499224e+00]
 [ -1.02913824e+01  -1.10945600e+01  -7.46752178e+00  -3.81781210e+00
   -3.32512040e+00]
 [ -1.61925592e+01  -1.27631749e+01  -9.03478384e+00  -5.83798438e+00
   -5.17283327e+00]]
Selected Policy: 
(0, 0, 0, 0, 0, 0, 1, 2, 2, 0, 0, 2, 0, 0, 2, 3, 3, 3, 3, 3, 3, 3, 3, 3, 3, 3, 3, 3, 3, 3, 3, 4, 3, 3, 3, 3, 4, 4, 4, 4)
Value: 
(5.225871146060751, 8.960186207938776, 8.063119550602998, 10.31302913709527, 8.832144954877368, 8.659000793749883, 7.216300501829106, 5.626495036941405, 3.7502873831665937, 3.454874784902905, 2.3666753338718016, 1.6553668220050972, 1.0914771411952686, 0.6363670625636966, 0.3317674574909386, 0.034393941306367, -0.17620538417823606, -0.36517893279444247, -0.5511845803695439, -0.8639995743360438, -1.5200401759287652, -1.7417580244746327, -2.0429232995193063, -1.903411487732127, -1.7944398168387066, -2.133248152765283, -2.215805682059568, -2.737903515158107, -2.2748629451916162, -2.813705905033445, -2.616183947809062, -2.482755996514467, -2.52752528155646, -1.9893581028435867, -2.4165555819690447, -2.03596732831876, -2.8388160386974968, -3.6149922391577847, -3.3251203974225954, -5.172833269851104)
Greedy factor >>>>>>>> 0.2
Q: 
[[  2.52130962e+00   2.58756899e+00   1.45754959e+00   2.93619486e+00
    1.22417296e-01]
 [  8.90322916e+00   2.49996467e+00   3.69723272e+00   9.87682987e-01
    5.99785068e-01]
 [  1.01048406e+01   1.36662951e+00   1.84754218e+00   8.49051282e-01
    1.87128182e+00]
 [  9.14389312e+00   2.51918843e+00   1.95606999e+00   1.57672295e+00
    1.66113237e+00]
 [  6.84453988e+00   3.80144065e+00   9.83822939e-01   3.04076343e+00
    1.05840306e+00]
 [  7.89963086e+00   3.65495065e+00   3.41936499e+00   2.87839508e+00
    9.64717347e-01]
 [  6.17837774e+00   2.04288018e+00   2.46964746e+00   2.54831883e+00
    1.12898221e+00]
 [  3.41465931e+00   2.83951963e+00   2.23230072e+00   3.89353630e+00
    6.94129066e-01]
 [  4.90691080e+00   2.54335838e+00   2.21667250e+00   1.75910498e+00
    1.13082684e-01]
 [  5.37075418e+00   2.45316775e+00   2.57940068e+00   2.34947993e+00
    5.19904395e-01]
 [  4.49044947e+00   2.72008405e+00   3.15395646e+00   1.94637965e+00
    3.53504531e-01]
 [  3.89228090e+00   1.89541794e+00   2.64544884e+00   1.84749864e+00
    3.54153993e-01]
 [  2.85146982e+00   1.81300374e+00   2.07482971e+00   1.79058689e+00
   -4.20943838e-03]
 [  1.73469197e+00   1.09652834e+00   1.63625306e+00   1.32224415e+00
   -5.05029933e-01]
 [  3.79496005e-01   1.51641629e-01   1.24984577e+00   8.43632028e-01
   -1.00875105e+00]
 [ -4.94638571e-01  -6.74178300e-01   2.03613533e-01   2.57427912e-01
   -1.47591255e+00]
 [ -1.10067048e+00  -1.38415512e+00  -3.00486810e-01  -2.19015042e-01
   -1.89934965e+00]
 [ -1.85136445e+00  -1.80307983e+00  -9.26256930e-01  -6.71817470e-01
   -2.14733635e+00]
 [ -2.41883219e+00  -2.28054408e+00  -1.23557273e+00  -1.13320750e+00
   -2.28856897e+00]
 [ -2.67217234e+00  -2.53722302e+00  -1.71157824e+00  -1.48339684e+00
   -1.98727274e+00]
 [ -3.39564642e+00  -2.89638757e+00  -1.83758173e+00  -1.68138367e+00
   -2.07813625e+00]
 [ -3.52661523e+00  -3.95076061e+00  -2.26528422e+00  -1.94074181e+00
   -2.81868541e+00]
 [ -4.63958266e+00  -4.15585740e+00  -2.54630390e+00  -2.12790702e+00
   -2.60353831e+00]
 [ -4.66854303e+00  -3.70167147e+00  -2.84237556e+00  -2.52976408e+00
   -3.17292165e+00]
 [ -3.66718830e+00  -4.24157440e+00  -2.58846789e+00  -2.47753246e+00
   -2.70069065e+00]
 [ -4.44005523e+00  -3.19924530e+00  -2.41424489e+00  -2.22875847e+00
   -2.71389090e+00]
 [ -5.37930788e+00  -4.47521138e+00  -2.13125253e+00  -2.11453913e+00
   -2.19338444e+00]
 [ -5.24681490e+00  -4.98336583e+00  -3.06363120e+00  -2.95072491e+00
   -3.05873035e+00]
 [ -6.89759583e+00  -5.78359057e+00  -3.52122035e+00  -3.60254037e+00
   -3.64349762e+00]
 [ -6.94792930e+00  -7.37454325e+00  -4.00985506e+00  -3.56513620e+00
   -3.59086922e+00]
 [ -6.05826481e+00  -6.68658581e+00  -4.85670214e+00  -3.45375301e+00
   -3.52777725e+00]
 [ -5.83416311e+00  -6.79225103e+00  -3.55213481e+00  -3.28696485e+00
   -3.61094320e+00]
 [ -7.06393725e+00  -7.10404028e+00  -4.19468500e+00  -3.01856537e+00
   -3.02564222e+00]
 [ -7.92248620e+00  -6.79722983e+00  -4.68992520e+00  -3.46472014e+00
   -3.36878991e+00]
 [ -6.78573194e+00  -6.61393536e+00  -5.17868756e+00  -3.82288329e+00
   -3.92149101e+00]
 [ -7.86769762e+00  -7.82536833e+00  -5.26225064e+00  -3.57058317e+00
   -3.54055563e+00]
 [ -8.37054837e+00  -6.80579904e+00  -4.56610320e+00  -3.50041049e+00
   -3.46234968e+00]
 [ -6.49331733e+00  -6.53756102e+00  -4.56601216e+00  -2.72960420e+00
   -2.79812449e+00]
 [ -4.86537140e+00  -5.46069029e+00  -3.18109523e+00  -1.86978970e+00
   -2.14610844e+00]
 [ -7.80023935e+00  -5.57342529e+00  -3.78277215e+00  -2.49366236e+00
   -2.16766390e+00]]
Selected Policy: 
(3, 0, 0, 0, 0, 0, 0, 3, 0, 0, 0, 0, 0, 0, 2, 3, 3, 3, 3, 3, 3, 3, 3, 3, 3, 3, 3, 3, 2, 3, 3, 3, 3, 4, 3, 4, 4, 3, 3, 4)
Value: 
(2.9361948632979327, 8.903229161439082, 10.104840584985224, 9.143893115468925, 6.844539881334935, 7.899630857281888, 6.178377741538719, 3.8935363049274776, 4.906910803695121, 5.370754178515606, 4.4904494747425545, 3.8922809037877557, 2.8514698205589686, 1.734691971818957, 1.2498457728394046, 0.25742791222323463, -0.21901504191247795, -0.6718174697140935, -1.1332074967327894, -1.4833968399011017, -1.6813836736598304, -1.9407418143378694, -2.12790701817531, -2.5297640843204925, -2.477532461046002, -2.228758473455707, -2.114539134742372, -2.95072491399074, -3.5212203499446146, -3.565136201083069, -3.4537530081048455, -3.2869648486432164, -3.0185653699671997, -3.3687899138175283, -3.82288329486571, -3.540555626340656, -3.4623496838261922, -2.729604201058431, -1.8697897004595372, -2.1676638973009763)
Greedy factor >>>>>>>> 0.4
Q: 
[[ 0.30138716  0.14598872  0.20620163  2.55458816  0.09713727]
 [ 5.3103367   0.41625092  3.07585202  0.32517128  0.03413328]
 [ 8.58642688  0.45276096  0.22164065  0.34397945  0.88281878]
 [ 8.72263817  0.          1.27261131  0.29304593  0.77516449]
 [ 6.47505371  3.55429953  1.08106562  2.56417334  0.46553883]
 [ 6.67205221  2.53154776  3.49021784  1.57030951  0.78907091]
 [ 4.88211473  1.40159684  0.          0.7591549   1.01164676]
 [ 4.19301832  1.26373711  0.63543799  1.36611531  0.35231516]
 [ 5.28658063  1.45454729  1.16675452  0.95853869  0.2605703 ]
 [ 4.85481539  1.09862613  1.26096846  1.3814916   0.26206211]
 [ 2.09760571  1.19496846  3.80952647  1.46521315  0.28014817]
 [ 3.64067914  1.04216404  1.81833936  1.17326361  0.2576253 ]
 [ 3.27549176  1.34356155  1.4180318   1.28411966 -0.01819414]
 [ 2.24034856  1.17017996  1.93685039  1.31265558 -0.40979884]
 [ 0.43629183  0.37719958  1.63625001  1.12765691 -0.7451341 ]
 [-0.54395734 -0.56301271  0.19936857  0.62176898 -1.16448668]
 [-1.53605735 -1.31592694 -0.39118425 -0.30801986 -1.83693739]
 [-2.06562721 -2.1356236  -1.21931788 -1.1440027  -2.28815392]
 [-2.80019357 -2.7078031  -1.70475881 -1.70410898 -2.40267857]
 [-3.36100115 -3.20995095 -2.35401447 -2.28189738 -2.83771719]
 [-3.52303522 -3.44657284 -2.74514922 -2.74603184 -3.11398922]
 [-4.21695191 -4.1592644  -3.12232291 -3.082984   -3.19408261]
 [-5.27143148 -4.65961076 -3.569766   -3.42649975 -3.41841365]
 [-6.74795345 -5.5633243  -3.85314919 -3.73512883 -3.92441088]
 [-4.88154897 -6.39656527 -4.16213861 -4.17131201 -4.29857502]
 [-5.28905379 -4.84882556 -4.11510598 -4.1051005  -4.0946197 ]
 [-5.84382927 -5.85704827 -4.2152408  -4.15071537 -4.21484345]
 [-5.02419333 -4.41615796 -4.1028661  -4.11106443 -4.13700271]
 [-3.94405051 -5.77019371 -3.69258938 -3.49285832 -3.50564537]
 [-4.63790511 -4.37043233 -3.52778111 -3.28015271 -3.30322068]
 [-3.85992592 -4.06188885 -3.74995431 -3.22707292 -3.25172629]
 [-3.99815091 -3.09643747 -2.96732074 -2.88009328 -2.85669506]
 [-4.00979996 -3.24947586 -2.91972701 -2.55892189 -2.56982076]
 [-4.84001744 -4.43405687 -2.3393382  -2.31336435 -2.33137834]
 [-6.65204598 -3.65871107 -2.60949483 -2.42823341 -2.44428447]
 [-4.57818159 -4.98944841 -2.36367633 -2.31335265 -2.39601709]
 [-3.68304298 -3.57891229 -2.72441846 -2.56360232 -2.61493136]
 [-2.63830898 -2.81170288 -2.3937644  -1.85962242 -1.90764075]
 [-2.90746978 -2.01862913 -1.67719816 -1.35183741 -1.46421582]
 [-3.38945037 -2.70483617 -2.38724766 -1.64011111 -1.63414325]]
Selected Policy: 
(3, 0, 0, 0, 0, 0, 0, 0, 0, 0, 2, 0, 0, 0, 2, 3, 3, 3, 3, 3, 2, 3, 4, 3, 2, 4, 3, 2, 3, 3, 3, 4, 3, 3, 3, 3, 3, 3, 3, 4)
Value: 
(2.5545881579544067, 5.310336695940018, 8.586426876616533, 8.722638166155953, 6.475053714811209, 6.672052212991695, 4.882114726795058, 4.1930183165042285, 5.286580626028719, 4.854815388396039, 3.809526470814992, 3.6406791355519657, 3.275491761417497, 2.240348560806755, 1.6362500054473963, 0.6217689760627556, -0.3080198623973281, -1.144002702913967, -1.7041089807644483, -2.2818973763111368, -2.7451492159009105, -3.0829839981668927, -3.4184136479102567, -3.735128833249726, -4.162138606753289, -4.094619702927167, -4.150715367923845, -4.102866096867612, -3.4928583212852926, -3.280152708392811, -3.2270729172655135, -2.856695062783903, -2.5589218885797047, -2.3133643521996894, -2.4282334058312056, -2.313352650213936, -2.5636023161300217, -1.8596224223459947, -1.3518374064131742, -1.6341432535879632)
Greedy factor >>>>>>>> 0.6
Q: 
[[  3.16359522e-01   9.82616879e-02   4.23279196e-01   2.03609624e+00
    8.53398527e-03]
 [  5.46548098e+00   5.16820254e-01   3.05071197e+00   3.66729341e-01
    1.08881272e-01]
 [  6.70760994e+00   1.28957145e+00   8.30127892e-01   3.32496453e-01
    6.22743505e-02]
 [  1.05089009e+01   5.73334622e-01   4.62684724e-01   7.85629169e-01
    2.06323088e-01]
 [  8.73266013e+00   5.93807495e-01   2.75340051e+00   2.32839194e+00
    9.40783142e-01]
 [  7.94407971e+00   2.71015143e+00   2.59154062e+00   1.44226288e+00
    1.64172403e+00]
 [  6.38083457e+00   2.04373704e+00   1.71100515e+00   1.35985119e+00
    1.19528996e+00]
 [  5.55326107e-01   1.62790248e+00   7.08661958e-01   4.00273312e+00
    4.66890742e-01]
 [  6.37272158e+00   6.42491549e-01   1.73211042e+00   9.74432245e-01
    1.77514023e-01]
 [  6.27492025e+00   1.20449356e+00   1.62806640e+00   1.78206971e+00
    4.84578938e-01]
 [  2.04449548e+00   4.65563829e+00   6.78117344e-01   1.12415962e+00
    4.73878574e-01]
 [  8.56016182e-01   9.63847653e-01   1.10297484e+00   3.05899074e+00
    4.16276765e-02]
 [  2.46744492e+00   6.89030299e-01   5.59529282e-01   5.87285902e-01
   -9.10836043e-02]
 [  1.59577783e+00   5.49359437e-01   7.83840208e-01   5.81480219e-01
   -3.29377236e-01]
 [  2.24084462e-01  -6.97326584e-03   5.63785209e-01   9.61676644e-01
   -8.64886952e-01]
 [ -7.10621503e-01  -7.19083889e-01  -4.65478526e-02   8.77463196e-02
   -1.64127952e+00]
 [ -1.14676998e+00  -1.39401945e+00  -7.72447437e-01  -7.18117077e-01
   -1.74291672e+00]
 [ -2.14479345e+00  -2.04296321e+00  -1.46624715e+00  -1.43735513e+00
   -2.28029078e+00]
 [ -2.72808890e+00  -2.45413020e+00  -2.20034368e+00  -2.18360779e+00
   -2.38951865e+00]
 [ -3.28339814e+00  -3.24421627e+00  -2.67431408e+00  -2.67093068e+00
   -2.86523420e+00]
 [ -3.76186396e+00  -3.65867044e+00  -3.12022458e+00  -3.12446495e+00
   -3.13023860e+00]
 [ -3.91318617e+00  -3.86229901e+00  -3.41566546e+00  -3.40924758e+00
   -3.44474893e+00]
 [ -4.32476703e+00  -3.29099078e+00  -3.30125165e+00  -3.29933867e+00
   -3.30403899e+00]
 [ -4.03300315e+00  -3.76865765e+00  -3.70455574e+00  -3.68826865e+00
   -3.70223133e+00]
 [ -4.10602014e+00  -4.26015528e+00  -3.95767434e+00  -3.94509996e+00
   -3.97440693e+00]
 [ -5.00899801e+00  -4.15056448e+00  -4.09318714e+00  -3.98829422e+00
   -4.06711051e+00]
 [ -6.11620880e+00  -5.33140902e+00  -4.51740993e+00  -4.49840552e+00
   -4.51280847e+00]
 [ -5.14356723e+00  -5.67129184e+00  -4.35678447e+00  -4.32691632e+00
   -4.31475417e+00]
 [ -4.58484142e+00  -5.04487001e+00  -4.03605779e+00  -4.07402977e+00
   -4.09100056e+00]
 [ -4.52148343e+00  -3.99105062e+00  -3.97760980e+00  -3.95707164e+00
   -3.94539719e+00]
 [ -4.33974625e+00  -4.25919506e+00  -3.78045714e+00  -3.74197471e+00
   -3.77428331e+00]
 [ -3.85437875e+00  -3.27262004e+00  -3.13553656e+00  -3.11041857e+00
   -3.08417895e+00]
 [ -3.89668840e+00  -3.25378503e+00  -3.05670940e+00  -3.04214656e+00
   -3.00570515e+00]
 [ -3.66740024e+00  -3.28807478e+00  -3.15236883e+00  -2.97703584e+00
   -2.95463038e+00]
 [ -3.57687218e+00  -3.65013572e+00  -3.33830525e+00  -3.35971866e+00
   -3.40901232e+00]
 [ -5.23793789e+00  -3.76704589e+00  -2.89217466e+00  -2.88970741e+00
   -2.90096719e+00]
 [ -2.77871567e+00  -4.58804708e+00  -2.75911399e+00  -2.71559737e+00
   -2.68102241e+00]
 [ -3.57283102e+00  -2.20969954e+00  -2.14148254e+00  -2.12261110e+00
   -2.15484054e+00]
 [ -3.95207873e+00  -2.91665984e+00  -1.92244248e+00  -1.90250788e+00
   -1.87543582e+00]
 [ -1.77510168e+00  -2.02999868e+00  -1.65239326e+00  -1.62587057e+00
   -1.60154955e+00]]
Selected Policy: 
(3, 0, 0, 0, 0, 0, 0, 3, 0, 0, 1, 3, 0, 0, 3, 3, 3, 3, 3, 3, 2, 3, 1, 3, 3, 3, 3, 4, 2, 4, 3, 4, 4, 4, 2, 3, 4, 3, 4, 4)
Value: 
(2.0360962430913183, 5.465480978772814, 6.70760993698839, 10.508900914628082, 8.732660133791205, 7.9440797117847985, 6.380834573190988, 4.002733121534451, 6.372721581457368, 6.274920246033631, 4.655638294081786, 3.0589907412587776, 2.4674449202493096, 1.5957778329297436, 0.9616766441768361, 0.08774631960052925, -0.7181170773255456, -1.4373551263216362, -2.183607786919545, -2.670930681167904, -3.120224584666595, -3.409247579980805, -3.290990775929783, -3.6882686537207947, -3.9450999588199323, -3.988294216410597, -4.498405524303801, -4.314754168323926, -4.036057791611237, -3.94539719027848, -3.74197470847631, -3.084178945375418, -3.0057051549557876, -2.95463037688729, -3.338305254899979, -2.889707413063386, -2.6810224124223723, -2.1226110955771786, -1.8754358159598998, -1.6015495458963958)
Greedy factor >>>>>>>> 0.8
Q: 
[[  1.47534486e-01   0.00000000e+00   1.10867135e-01   2.03332448e+00
    1.88307166e-02]
 [  4.70209283e+00   0.00000000e+00   2.80000000e+00   0.00000000e+00
    0.00000000e+00]
 [  4.29981851e+00   0.00000000e+00   1.58928449e-01   7.09885970e-02
    0.00000000e+00]
 [  6.98863051e+00   1.40026106e-01   1.36745696e-01   0.00000000e+00
    0.00000000e+00]
 [  4.56374961e+00   5.64383706e-01   8.56574490e-01   0.00000000e+00
    0.00000000e+00]
 [  4.51263024e+00   3.98838812e-01   4.92808370e-01   8.52789822e-01
    1.06434616e-01]
 [  4.22333124e+00   2.78489303e-01   0.00000000e+00   9.49354179e-02
    0.00000000e+00]
 [  5.95578948e+00   0.00000000e+00   1.29258710e+00   0.00000000e+00
    1.90432026e-02]
 [  4.69982359e+00   7.49932871e-01   8.55028763e-02   2.47255382e-01
    8.49311331e-02]
 [  5.56592702e-01   2.84425171e-01   3.71671312e+00   4.75506952e-01
    4.51697114e-02]
 [  3.08085580e+00   3.11082062e-01   2.28322582e-01   2.28688586e-01
    1.94884345e-03]
 [  3.38000355e+00   2.64275706e-01   4.11385682e-01   2.66699287e-01
   -1.03286720e-03]
 [  3.39463370e+00   6.95438364e-01   9.15705985e-01   5.62862404e-01
   -2.11795498e-01]
 [  2.28870767e+00   7.43398471e-01   7.64821905e-01   7.90118594e-01
   -2.57479573e-01]
 [  3.24007768e-01   2.84032785e-01   8.83922913e-01   1.53830470e+00
   -6.38866335e-01]
 [ -5.85636164e-01  -6.13703384e-01   2.01057600e-01   3.46615989e-01
   -9.88378293e-01]
 [ -1.33783898e+00  -1.12450706e+00  -6.37820932e-01  -5.33112982e-01
   -1.96657449e+00]
 [ -1.91437021e+00  -1.65404610e+00  -1.50573055e+00  -1.45348555e+00
   -1.80967169e+00]
 [ -2.49328242e+00  -2.44631799e+00  -2.33432904e+00  -2.28764478e+00
   -2.32159063e+00]
 [ -3.06417057e+00  -2.98225927e+00  -2.91249887e+00  -2.91694713e+00
   -2.92226049e+00]
 [ -3.44404264e+00  -3.52104641e+00  -3.39463791e+00  -3.38401399e+00
   -3.38388589e+00]
 [ -3.68566363e+00  -3.65450157e+00  -3.59548624e+00  -3.59004813e+00
   -3.62440424e+00]
 [ -3.71339199e+00  -3.69019132e+00  -3.71830931e+00  -3.65568686e+00
   -3.64874876e+00]
 [ -3.59870371e+00  -3.67832081e+00  -3.58885314e+00  -3.59412483e+00
   -3.60954684e+00]
 [ -3.73656258e+00  -3.79834444e+00  -3.70546525e+00  -3.68342442e+00
   -3.70794708e+00]
 [ -4.41516661e+00  -4.29066991e+00  -4.08186258e+00  -4.04681166e+00
   -4.06366512e+00]
 [ -4.62222072e+00  -4.50883535e+00  -4.46933816e+00  -4.47802909e+00
   -4.49820815e+00]
 [ -4.43178844e+00  -4.34481200e+00  -4.28046682e+00  -4.30938113e+00
   -4.30635744e+00]
 [ -4.25141354e+00  -4.32740792e+00  -4.11710582e+00  -4.06991469e+00
   -4.09570252e+00]
 [ -3.45228898e+00  -3.39688921e+00  -3.44336185e+00  -3.38191740e+00
   -3.40057866e+00]
 [ -3.74985831e+00  -3.09999256e+00  -3.03720181e+00  -2.94411157e+00
   -2.97265387e+00]
 [ -3.55649071e+00  -3.34660352e+00  -2.82044308e+00  -2.80275757e+00
   -2.76851972e+00]
 [ -3.11334666e+00  -3.16359722e+00  -3.14095888e+00  -3.02235096e+00
   -3.05027287e+00]
 [ -3.74861306e+00  -3.21924023e+00  -2.96447362e+00  -2.91499528e+00
   -2.89285160e+00]
 [ -2.46488798e+00  -2.52854938e+00  -2.43451810e+00  -2.39527426e+00
   -2.43328824e+00]
 [ -2.24433224e+00  -1.96408702e+00  -1.24214973e+00  -1.23973873e+00
   -1.20695058e+00]
 [ -1.70587293e+00  -2.02468923e+00  -1.52811166e+00  -1.41863640e+00
   -1.45231605e+00]
 [ -9.16360068e-01  -8.44747069e-01  -9.34267153e-01  -8.13624607e-01
   -8.49422065e-01]
 [ -7.86569878e-01  -8.49546356e-01  -7.82254046e-01  -6.30135907e-01
   -6.15506923e-01]
 [ -7.75597639e-01  -8.65150652e-01  -3.45954046e-01  -3.12691325e-01
   -3.12026130e-01]]
Selected Policy: 
(3, 0, 0, 0, 0, 0, 0, 0, 0, 2, 0, 0, 0, 0, 3, 3, 3, 3, 3, 2, 4, 3, 4, 2, 3, 3, 2, 2, 3, 3, 3, 4, 3, 4, 3, 4, 3, 3, 4, 4)
Value: 
(2.033324476603614, 4.70209282847693, 4.299818511883738, 6.988630513738844, 4.563749612378546, 4.512630242848962, 4.223331244262706, 5.955789476832743, 4.699823594780905, 3.716713123647524, 3.0808558049576815, 3.3800035466960647, 3.394633697002846, 2.2887076657175216, 1.5383046987865927, 0.34661598910142105, -0.5331129818408815, -1.4534855452706976, -2.2876447768397723, -2.91249886521951, -3.3838858868060826, -3.590048128086019, -3.6487487605278863, -3.5888531393785406, -3.6834244234468003, -4.046811663380118, -4.46933816034147, -4.280466824341879, -4.069914689153283, -3.3819174039205384, -2.9441115721238096, -2.7685197178159138, -3.022350964206272, -2.8928516049914483, -2.3952742616217506, -1.2069505807534326, -1.4186364029238323, -0.8136246067614119, -0.6155069227851319, -0.31202613013901087)
Greedy factor >>>>>>>> 1.0
Q: 
[[  1.65642180e-01   0.00000000e+00   9.31617737e-02   2.06146306e+00
    0.00000000e+00]
 [  5.23112706e+00   0.00000000e+00   2.80000000e+00   0.00000000e+00
    0.00000000e+00]
 [  5.43791292e+00   0.00000000e+00   0.00000000e+00   0.00000000e+00
    0.00000000e+00]
 [  6.20763450e+00   1.19352944e-01   0.00000000e+00   0.00000000e+00
    8.17483718e-02]
 [  3.98716248e+00   1.20820583e-01   0.00000000e+00   0.00000000e+00
    0.00000000e+00]
 [  3.47615036e+00   1.04841548e-01   1.36626690e-01   6.32455532e-01
    4.29162982e-02]
 [  3.66388620e+00   8.03892120e-02   0.00000000e+00   5.31581566e-02
    0.00000000e+00]
 [  3.43202408e+00   1.41738486e-01   7.50387290e-02   1.45372116e-01
    3.77874025e-03]
 [  3.76392409e+00   1.21768617e-01   0.00000000e+00   0.00000000e+00
    1.43020232e-02]
 [  4.79753414e+00   8.94492307e-02   1.57240396e-01   1.70452950e-01
    2.49592800e-02]
 [  6.73562168e+00   4.31174981e-01   3.95023756e-01   5.07799450e-01
    9.02789502e-02]
 [  6.36874070e+00   5.99381294e-01   7.68333550e-01   1.31420415e-01
    8.91439292e-02]
 [  7.08122426e-01   6.64837158e-01   5.29704390e+00   4.80654383e-01
    2.99181537e-01]
 [  3.00885250e+00   5.31726950e-01   7.62802652e-01   5.35137528e-01
    1.32067614e-01]
 [  2.93729390e-01   2.87894214e-01   2.23270794e+00   6.54671880e-01
    5.67562215e-02]
 [ -3.52000057e-01  -4.03192594e-01   8.90754810e-01   1.03490894e-01
   -6.85932594e-01]
 [ -8.67567091e-01  -8.39673632e-01  -5.25291602e-01  -1.73421449e-01
   -9.98743607e-01]
 [ -1.49960372e+00  -1.60801578e+00  -1.39033226e+00  -1.29155453e+00
   -1.43089512e+00]
 [ -2.10816304e+00  -2.16704256e+00  -2.11011856e+00  -2.09497630e+00
   -2.12370779e+00]
 [ -2.70609409e+00  -2.73979276e+00  -2.70590846e+00  -2.69242094e+00
   -2.70268993e+00]
 [ -3.44716179e+00  -3.38407816e+00  -3.37839472e+00  -3.36942123e+00
   -3.37348646e+00]
 [ -3.97231181e+00  -3.98726936e+00  -3.92164308e+00  -3.91627617e+00
   -3.93146375e+00]
 [ -4.15298509e+00  -4.11479661e+00  -4.13551861e+00  -4.12181203e+00
   -4.11707277e+00]
 [ -4.06936643e+00  -4.16526502e+00  -4.08918785e+00  -4.06957151e+00
   -4.06658716e+00]
 [ -4.04220811e+00  -3.98420017e+00  -3.97561788e+00  -3.95879413e+00
   -3.96097912e+00]
 [ -3.50480558e+00  -3.47747580e+00  -3.50279627e+00  -3.48268381e+00
   -3.51038942e+00]
 [ -3.28853258e+00  -3.24936746e+00  -3.24360017e+00  -3.24946077e+00
   -3.25936222e+00]
 [ -2.69901596e+00  -2.65442295e+00  -2.66696315e+00  -2.63216944e+00
   -2.67384700e+00]
 [ -2.53364559e+00  -2.57275034e+00  -2.54365386e+00  -2.55471152e+00
   -2.58461703e+00]
 [ -3.38088341e+00  -2.21576264e+00  -2.24727361e+00  -2.20432155e+00
   -2.21403825e+00]
 [ -2.51705520e+00  -2.50206448e+00  -2.51520875e+00  -2.51251493e+00
   -2.55289446e+00]
 [ -3.96237278e+00  -2.41062228e+00  -2.31720210e+00  -2.32279262e+00
   -2.29565743e+00]
 [ -2.52667032e+00  -2.48639134e+00  -2.42892566e+00  -2.45373508e+00
   -2.45694562e+00]
 [ -6.04737148e+00  -1.87641432e+00  -1.54967567e+00  -1.51717479e+00
   -1.49663840e+00]
 [ -2.12938623e+00  -3.24964699e+00  -1.23175547e+00  -1.02850816e+00
   -1.06988772e+00]
 [ -2.03040612e+00  -1.45344419e+00  -1.12860240e+00  -9.88078166e-01
   -9.50961793e-01]
 [ -2.28550000e+00  -1.61402306e+00  -1.01124117e+00  -6.68590984e-01
   -7.17905881e-01]
 [ -2.14395556e+00  -1.83321212e+00  -1.10023812e+00  -8.41282716e-01
   -8.41168860e-01]
 [ -2.21826831e+00  -3.43819045e+00  -1.25642976e+00  -1.92418627e+00
   -1.68745277e+00]
 [ -2.29144098e+00  -2.02211907e+00  -1.24981355e+00  -1.14966433e+00
   -1.14371443e+00]]
Selected Policy: 
(3, 0, 0, 0, 0, 0, 0, 0, 0, 0, 0, 0, 2, 0, 2, 2, 3, 3, 3, 3, 3, 3, 1, 4, 3, 1, 2, 3, 0, 3, 1, 4, 2, 4, 3, 4, 3, 4, 2, 4)
Value: 
(2.0614630570131895, 5.23112706487317, 5.437912921501008, 6.207634496058808, 3.987162484487373, 3.476150358140875, 3.66388620101066, 3.4320240823888666, 3.763924086204479, 4.797534137047124, 6.7356216827538296, 6.368740703199811, 5.29704390190167, 3.008852500045871, 2.232707938882142, 0.8907548103197722, -0.17342144887779654, -1.2915545256325431, -2.094976301438817, -2.692420940863185, -3.3694212318375056, -3.9162761742054646, -4.114796614083054, -4.066587159087591, -3.9587941264506243, -3.4774757982351723, -3.243600166657758, -2.632169437408313, -2.5336455933483166, -2.2043215529633944, -2.5020644786442494, -2.29565743075703, -2.428925662028161, -1.4966384022213584, -1.0285081568965753, -0.9509617934525059, -0.6685909843767254, -0.8411688601427125, -1.2564297634782577, -1.1437144337720508)
Greedy factor >>>>>>>> 1.2
Q: 
[[ 0.          0.          0.          1.95569186  0.        ]
 [ 4.37226508  0.          2.8         0.          0.        ]
 [ 4.02447896  0.          0.          0.          0.        ]
 [ 3.71054635  0.          0.          0.          0.        ]
 [ 5.59069232  0.          0.          0.          0.        ]
 [ 4.64585248  0.          0.          0.          0.        ]
 [ 0.          0.          0.          3.15246615  0.        ]
 [ 4.06844327  0.          0.          0.          0.        ]
 [ 0.36815742  0.          3.1400418   0.          0.        ]
 [ 2.60361313  0.          0.          0.          0.        ]
 [ 2.41246933  0.          0.          0.          0.        ]
 [ 2.29177191  0.          0.24955222  0.          0.        ]
 [ 0.          1.43366224  0.          0.          0.        ]
 [ 1.12736571  0.          0.19116646  0.21993202  0.        ]
 [ 0.12578654  0.          0.          0.          0.        ]
 [-0.2000675  -0.27622807 -0.2010583  -0.15105901 -0.20352385]
 [-1.10341533 -1.11056071 -1.09694576 -1.10463112 -1.10513425]
 [-1.80670018 -1.80904481 -1.79823466 -1.76601985 -1.79712109]
 [-2.60659821 -2.60739543 -2.60939682 -2.57505516 -2.61160902]
 [-3.14575587 -3.15800903 -3.13684817 -3.12342005 -3.14261894]
 [-3.53230873 -3.53333111 -3.52449897 -3.52140562 -3.52941313]
 [-3.83289089 -3.83403202 -3.82246523 -3.8138355  -3.82313213]
 [-4.00956431 -4.02704657 -4.00514229 -3.99849611 -3.99349105]
 [-4.08446943 -4.07563694 -4.07321033 -4.06190123 -4.08670722]
 [-4.26756206 -4.32177854 -4.28486941 -4.27884237 -4.29375662]
 [-4.39279852 -4.40878703 -4.34827774 -4.34863998 -4.36947999]
 [-3.99173335 -3.9956666  -3.97314614 -3.93845513 -3.9595549 ]
 [-3.66425766 -3.6625914  -3.64317715 -3.64165835 -3.67379612]
 [-3.5795167  -3.59188949 -3.61694696 -3.57220108 -3.6003648 ]
 [-3.66294225 -3.57680523 -3.56788048 -3.59123432 -3.59665253]
 [-3.24707062 -3.24706988 -3.21555397 -3.20833672 -3.2440882 ]
 [-2.95654578 -2.97911584 -2.89485553 -2.87972611 -2.88642126]
 [-2.82837986 -2.85212634 -2.76558676 -2.75857322 -2.73680782]
 [-2.72458963 -2.78733584 -2.78681391 -2.74467125 -2.71927913]
 [-2.18997848 -2.14047214 -2.15344661 -2.12150701 -2.14565142]
 [-1.90201511 -1.85559351 -1.84949337 -1.8744321  -1.84484317]
 [-1.9782083  -2.0648998  -2.00649621 -1.97942084 -1.99592372]
 [-1.64654201 -1.65932184 -1.64732288 -1.67959279 -1.67668523]
 [-1.54127131 -1.35671378 -0.78082748 -0.81318144 -0.83316633]
 [-1.59938557 -1.41768491 -0.66276334 -0.67865882 -0.69794257]]
Selected Policy: 
(3, 0, 0, 0, 0, 0, 3, 0, 2, 0, 0, 0, 1, 0, 0, 3, 2, 3, 3, 3, 3, 3, 4, 3, 0, 2, 3, 3, 3, 2, 3, 3, 4, 4, 3, 4, 0, 0, 2, 2)
Value: 
(1.9556918647663144, 4.372265076620445, 4.024478955152542, 3.7105463533697507, 5.590692324641076, 4.645852481154335, 3.1524661466800343, 4.068443273618326, 3.14004180110635, 2.6036131289204527, 2.4124693324954354, 2.2917719136676924, 1.433662243801146, 1.1273657104107877, 0.12578654131847233, -0.1510590097391487, -1.0969457622312828, -1.7660198523387969, -2.5750551638993544, -3.1234200500192792, -3.5214056152177355, -3.813835496087986, -3.9934910469784826, -4.061901233174412, -4.267562060523867, -4.348277740893491, -3.9384551288109564, -3.641658351961465, -3.5722010800474853, -3.5678804785988945, -3.2083367157112046, -2.879726111860126, -2.736807820911245, -2.719279126851603, -2.1215070072516937, -1.8448431720180978, -1.9782082997135761, -1.6465420124847068, -0.7808274812172751, -0.6627633440474372)
Greedy factor >>>>>>>> 1.4
Q: 
[[  0.00000000e+00   0.00000000e+00   0.00000000e+00   1.95208988e+00
    0.00000000e+00]
 [  4.37530105e+00   0.00000000e+00   2.80000000e+00   0.00000000e+00
    0.00000000e+00]
 [  3.99145205e+00   0.00000000e+00   0.00000000e+00   0.00000000e+00
    0.00000000e+00]
 [  5.46046595e+00   0.00000000e+00   0.00000000e+00   0.00000000e+00
    0.00000000e+00]
 [  5.40354314e+00   0.00000000e+00   0.00000000e+00   0.00000000e+00
    0.00000000e+00]
 [  3.99010842e+00   0.00000000e+00   0.00000000e+00   0.00000000e+00
    0.00000000e+00]
 [  3.62203464e+00   0.00000000e+00   0.00000000e+00   0.00000000e+00
    0.00000000e+00]
 [  3.33364848e+00   0.00000000e+00   0.00000000e+00   0.00000000e+00
    0.00000000e+00]
 [  3.08681303e+00   0.00000000e+00   0.00000000e+00   0.00000000e+00
    0.00000000e+00]
 [  2.50335201e+00   0.00000000e+00   0.00000000e+00   0.00000000e+00
    0.00000000e+00]
 [  2.25108790e+00   0.00000000e+00   0.00000000e+00   0.00000000e+00
    0.00000000e+00]
 [  1.82271212e+00   0.00000000e+00   0.00000000e+00   0.00000000e+00
    0.00000000e+00]
 [  2.00334731e+00   0.00000000e+00   0.00000000e+00   0.00000000e+00
    0.00000000e+00]
 [  1.61495562e+00   0.00000000e+00   0.00000000e+00   0.00000000e+00
    0.00000000e+00]
 [ -3.02176433e-04  -5.10019907e-03   1.00261723e+00   0.00000000e+00
    0.00000000e+00]
 [ -3.16832233e-01  -3.15569276e-01  -3.12144209e-01  -7.91902168e-02
   -3.18036906e-01]
 [ -1.19718676e+00  -1.19157229e+00  -1.18806798e+00  -1.07739280e+00
   -1.19945257e+00]
 [ -1.94932014e+00  -1.94112577e+00  -1.92258096e+00  -1.93413640e+00
   -1.93368208e+00]
 [ -2.75751287e+00  -2.73401689e+00  -2.73342334e+00  -2.73073943e+00
   -2.75281548e+00]
 [ -3.20536366e+00  -3.22960879e+00  -3.20336666e+00  -3.19989502e+00
   -3.20648939e+00]
 [ -3.52282867e+00  -3.50862494e+00  -3.52034252e+00  -3.50479954e+00
   -3.52339659e+00]
 [ -3.61032249e+00  -3.61536364e+00  -3.59517376e+00  -3.58006533e+00
   -3.60627744e+00]
 [ -3.47379172e+00  -3.46631598e+00  -3.46266937e+00  -3.44625558e+00
   -3.47112647e+00]
 [ -3.47599559e+00  -3.50608687e+00  -3.48336787e+00  -3.47631598e+00
   -3.49081773e+00]
 [ -3.30943647e+00  -3.33188714e+00  -3.27312200e+00  -3.27449826e+00
   -3.27256997e+00]
 [ -3.28767649e+00  -3.29524575e+00  -3.26659766e+00  -3.24654002e+00
   -3.27698747e+00]
 [ -3.25237811e+00  -3.29580357e+00  -3.26263872e+00  -3.24786115e+00
   -3.23647756e+00]
 [ -3.32613693e+00  -3.32956002e+00  -3.30961416e+00  -3.30218555e+00
   -3.32980726e+00]
 [ -3.38302055e+00  -3.33505643e+00  -3.35683425e+00  -3.33071136e+00
   -3.31079062e+00]
 [ -3.24435701e+00  -3.21049516e+00  -3.24643341e+00  -3.21673787e+00
   -3.22443716e+00]
 [ -3.07276599e+00  -3.09171301e+00  -3.10401056e+00  -3.05885103e+00
   -3.09002161e+00]
 [ -2.66673886e+00  -2.63561080e+00  -2.59900151e+00  -2.58356569e+00
   -2.55874861e+00]
 [ -2.39869436e+00  -2.35562177e+00  -2.34006909e+00  -2.32676164e+00
   -2.34030400e+00]
 [ -2.12510062e+00  -1.86776887e+00  -1.81011802e+00  -1.79502384e+00
   -1.81220293e+00]
 [ -2.20976852e+00  -1.70628472e+00  -1.63190860e+00  -1.59660730e+00
   -1.63596541e+00]
 [ -2.29265130e+00  -1.16335572e+00  -1.23980583e+00  -1.16576284e+00
   -1.16782767e+00]
 [ -2.37384118e+00  -1.90438091e+00  -1.86241693e+00  -1.88582202e+00
   -1.88975828e+00]
 [ -3.09311837e+00  -3.49765074e+00  -3.09435274e+00  -3.06493389e+00
   -3.05401707e+00]
 [ -2.53147627e+00  -2.18214095e+00  -1.77669624e+00  -1.69905119e+00
   -1.73227957e+00]
 [ -2.60807313e+00  -2.29569646e+00  -1.75330138e+00  -1.69246953e+00
   -1.68042697e+00]]
Selected Policy: 
(3, 0, 0, 0, 0, 0, 0, 0, 0, 0, 0, 0, 0, 0, 2, 3, 3, 2, 3, 3, 3, 3, 3, 0, 4, 3, 4, 3, 4, 1, 3, 4, 3, 3, 3, 1, 2, 4, 3, 4)
Value: 
(1.952089881617876, 4.375301050037587, 3.9914520512299, 5.46046595331133, 5.403543138356088, 3.9901084198235806, 3.6220346380936004, 3.333648479360501, 3.0868130289122, 2.5033520119854904, 2.251087895124869, 1.8227121231731003, 2.003347309476559, 1.6149556241479572, 1.0026172273316327, -0.07919021675646509, -1.0773927953033957, -1.9225809648269254, -2.7307394299005656, -3.1998950180604555, -3.5047995432726533, -3.5800653254870514, -3.4462555827539356, -3.4759955919032395, -3.2725699740009877, -3.246540021304693, -3.236477555859686, -3.302185553687044, -3.3107906213482066, -3.210495157481359, -3.058851032199967, -2.5587486080672104, -2.3267616404678315, -1.7950238410530763, -1.5966073010334938, -1.1633557199415023, -1.8624169279310214, -3.054017065251195, -1.6990511947328837, -1.680426970964466)
Greedy factor >>>>>>>> 1.6
Q: 
[[  0.00000000e+00   0.00000000e+00   0.00000000e+00   1.95208988e+00
    0.00000000e+00]
 [  4.37530105e+00   0.00000000e+00   2.80000000e+00   0.00000000e+00
    0.00000000e+00]
 [  3.99145205e+00   0.00000000e+00   0.00000000e+00   0.00000000e+00
    0.00000000e+00]
 [  5.46046595e+00   0.00000000e+00   0.00000000e+00   0.00000000e+00
    0.00000000e+00]
 [  5.40354314e+00   0.00000000e+00   0.00000000e+00   0.00000000e+00
    0.00000000e+00]
 [  3.99010842e+00   0.00000000e+00   0.00000000e+00   0.00000000e+00
    0.00000000e+00]
 [  3.62203464e+00   0.00000000e+00   0.00000000e+00   0.00000000e+00
    0.00000000e+00]
 [  3.33364848e+00   0.00000000e+00   0.00000000e+00   0.00000000e+00
    0.00000000e+00]
 [  3.08681303e+00   0.00000000e+00   0.00000000e+00   0.00000000e+00
    0.00000000e+00]
 [  2.50335201e+00   0.00000000e+00   0.00000000e+00   0.00000000e+00
    0.00000000e+00]
 [  2.25108790e+00   0.00000000e+00   0.00000000e+00   0.00000000e+00
    0.00000000e+00]
 [  1.82271212e+00   0.00000000e+00   0.00000000e+00   0.00000000e+00
    0.00000000e+00]
 [  2.00334731e+00   0.00000000e+00   0.00000000e+00   0.00000000e+00
    0.00000000e+00]
 [  1.61495562e+00   0.00000000e+00   0.00000000e+00   0.00000000e+00
    0.00000000e+00]
 [ -3.02176433e-04  -5.10019907e-03   1.00261723e+00   0.00000000e+00
    0.00000000e+00]
 [ -3.16832233e-01  -3.15569276e-01  -3.12144209e-01  -7.91902168e-02
   -3.18036906e-01]
 [ -1.19718676e+00  -1.19157229e+00  -1.18806798e+00  -1.07739280e+00
   -1.19945257e+00]
 [ -1.94932014e+00  -1.94112577e+00  -1.92258096e+00  -1.93413640e+00
   -1.93368208e+00]
 [ -2.75751287e+00  -2.73401689e+00  -2.73342334e+00  -2.73073943e+00
   -2.75281548e+00]
 [ -3.20536366e+00  -3.22960879e+00  -3.20336666e+00  -3.19989502e+00
   -3.20648939e+00]
 [ -3.52282867e+00  -3.50862494e+00  -3.52034252e+00  -3.50479954e+00
   -3.52339659e+00]
 [ -3.61032249e+00  -3.61536364e+00  -3.59517376e+00  -3.58006533e+00
   -3.60627744e+00]
 [ -3.47379172e+00  -3.46631598e+00  -3.46266937e+00  -3.44625558e+00
   -3.47112647e+00]
 [ -3.47599559e+00  -3.50608687e+00  -3.48336787e+00  -3.47631598e+00
   -3.49081773e+00]
 [ -3.30943647e+00  -3.33188714e+00  -3.27312200e+00  -3.27449826e+00
   -3.27256997e+00]
 [ -3.28767649e+00  -3.29524575e+00  -3.26659766e+00  -3.24654002e+00
   -3.27698747e+00]
 [ -3.25237811e+00  -3.29580357e+00  -3.26263872e+00  -3.24786115e+00
   -3.23647756e+00]
 [ -3.32613693e+00  -3.32956002e+00  -3.30961416e+00  -3.30218555e+00
   -3.32980726e+00]
 [ -3.38302055e+00  -3.33505643e+00  -3.35683425e+00  -3.33071136e+00
   -3.31079062e+00]
 [ -3.24435701e+00  -3.21049516e+00  -3.24643341e+00  -3.21673787e+00
   -3.22443716e+00]
 [ -3.07276599e+00  -3.09171301e+00  -3.10401056e+00  -3.05885103e+00
   -3.09002161e+00]
 [ -2.66673886e+00  -2.63561080e+00  -2.59900151e+00  -2.58356569e+00
   -2.55874861e+00]
 [ -2.39869436e+00  -2.35562177e+00  -2.34006909e+00  -2.32676164e+00
   -2.34030400e+00]
 [ -2.12510062e+00  -1.86776887e+00  -1.81011802e+00  -1.79502384e+00
   -1.81220293e+00]
 [ -2.20976852e+00  -1.70628472e+00  -1.63190860e+00  -1.59660730e+00
   -1.63596541e+00]
 [ -2.29265130e+00  -1.16335572e+00  -1.23980583e+00  -1.16576284e+00
   -1.16782767e+00]
 [ -2.37384118e+00  -1.90438091e+00  -1.86241693e+00  -1.88582202e+00
   -1.88975828e+00]
 [ -3.09311837e+00  -3.49765074e+00  -3.09435274e+00  -3.06493389e+00
   -3.05401707e+00]
 [ -2.53147627e+00  -2.18214095e+00  -1.77669624e+00  -1.69905119e+00
   -1.73227957e+00]
 [ -2.60807313e+00  -2.29569646e+00  -1.75330138e+00  -1.69246953e+00
   -1.68042697e+00]]
Selected Policy: 
(3, 0, 0, 0, 0, 0, 0, 0, 0, 0, 0, 0, 0, 0, 2, 3, 3, 2, 3, 3, 3, 3, 3, 0, 4, 3, 4, 3, 4, 1, 3, 4, 3, 3, 3, 1, 2, 4, 3, 4)
Value: 
(1.952089881617876, 4.375301050037587, 3.9914520512299, 5.46046595331133, 5.403543138356088, 3.9901084198235806, 3.6220346380936004, 3.333648479360501, 3.0868130289122, 2.5033520119854904, 2.251087895124869, 1.8227121231731003, 2.003347309476559, 1.6149556241479572, 1.0026172273316327, -0.07919021675646509, -1.0773927953033957, -1.9225809648269254, -2.7307394299005656, -3.1998950180604555, -3.5047995432726533, -3.5800653254870514, -3.4462555827539356, -3.4759955919032395, -3.2725699740009877, -3.246540021304693, -3.236477555859686, -3.302185553687044, -3.3107906213482066, -3.210495157481359, -3.058851032199967, -2.5587486080672104, -2.3267616404678315, -1.7950238410530763, -1.5966073010334938, -1.1633557199415023, -1.8624169279310214, -3.054017065251195, -1.6990511947328837, -1.680426970964466)
Greedy factor >>>>>>>> 1.8
Q: 
[[ 0.          0.          0.          1.79727907  0.        ]
 [ 4.36218695  0.          2.8         0.          0.        ]
 [ 3.9955222   0.          0.          0.          0.        ]
 [ 3.88980361  0.          0.          0.          0.        ]
 [ 3.41790173  0.          0.          0.          0.        ]
 [ 3.42553647  0.          0.          0.          0.        ]
 [ 3.03799178  0.          0.          0.          0.        ]
 [ 2.85677283  0.          0.          0.          0.        ]
 [ 2.54045464  0.          0.          0.          0.        ]
 [ 2.41186435  0.          0.          0.          0.        ]
 [ 2.16744679  0.          0.          0.          0.        ]
 [ 1.55472731  0.          0.          0.          0.        ]
 [ 1.21927536  0.          0.          0.          0.        ]
 [ 1.06253429  0.          0.          0.          0.        ]
 [ 0.08194171  0.          0.          0.          0.        ]
 [-0.23460487 -0.2486117  -0.23319106 -0.11551634 -0.24825242]
 [-1.11491169 -1.11262993 -1.10746597 -1.11166532 -1.11037691]
 [-1.94238694 -1.92365609 -1.92568113 -1.90672542 -1.93370241]
 [-2.59819905 -2.58724128 -2.59332343 -2.56977283 -2.60130886]
 [-3.14091945 -3.12651054 -3.12475174 -3.11870115 -3.12230935]
 [-3.57016511 -3.54573067 -3.56166427 -3.5468835  -3.5472479 ]
 [-4.01490233 -3.98994878 -3.99784829 -3.97930273 -4.00578295]
 [-4.00749026 -3.99330644 -3.98925102 -3.9797594  -4.00142041]
 [-4.33983841 -4.37104402 -4.3475897  -4.325796   -4.32174606]
 [-4.82356548 -4.85110832 -4.84182822 -4.83001139 -4.827195  ]
 [-5.01942231 -5.04791023 -5.02664062 -5.00020203 -4.99748255]
 [-5.12564669 -5.17730767 -5.13458275 -5.12915396 -5.14226296]
 [-5.17361515 -5.20715597 -5.16242398 -5.16825645 -5.18778819]
 [-5.22230904 -5.1845018  -5.1914986  -5.18527234 -5.18003999]
 [-5.06430357 -5.00610799 -5.02538373 -4.98401351 -4.99109924]
 [-4.61438141 -4.69241711 -4.6439598  -4.61338898 -4.60483958]
 [-3.98389124 -4.03675934 -3.98005262 -3.98888787 -3.97475649]
 [-3.33436991 -3.35393064 -3.27611155 -3.24596042 -3.27333494]
 [-3.17225933 -3.15817228 -3.13185842 -3.1524156  -3.17291332]
 [-3.33306853 -3.39438151 -3.3303692  -3.35016636 -3.32494658]
 [-2.28725135 -2.35884689 -2.32846471 -2.28824886 -2.33205761]
 [-2.15300689 -2.24255876 -2.19250017 -2.13680308 -2.18694769]
 [-2.17347815 -2.18754486 -2.15215648 -2.16005637 -2.15716193]
 [-1.75406308 -1.75259285 -1.690318   -1.64328539 -1.65391662]
 [-2.17592622 -2.15758827 -2.12111919 -2.07905815 -2.06414162]]
Selected Policy: 
(3, 0, 0, 0, 0, 0, 0, 0, 0, 0, 0, 0, 0, 0, 0, 3, 2, 3, 3, 3, 1, 3, 3, 4, 0, 4, 0, 2, 4, 3, 4, 4, 3, 2, 4, 0, 3, 2, 3, 4)
Value: 
(1.7972790693874063, 4.362186951201556, 3.995522199492033, 3.8898036056758576, 3.4179017287247793, 3.425536473662176, 3.0379917776348275, 2.8567728323656416, 2.5404546350107617, 2.4118643532017514, 2.1674467918832314, 1.5547273076834836, 1.2192753592072085, 1.0625342859424285, 0.08194170686539737, -0.115516337748222, -1.1074659690507562, -1.9067254158102966, -2.569772828362519, -3.118701146854853, -3.5457306659207903, -3.979302726120256, -3.979759404853529, -4.321746062148959, -4.823565480640638, -4.9974825525018485, -5.125646690218019, -5.162423984719194, -5.180039989122044, -4.9840135107771255, -4.60483957937099, -3.9747564916763127, -3.24596041712449, -3.1318584162879377, -3.324946581956617, -2.28725134846777, -2.136803082266156, -2.152156477601592, -1.6432853922079143, -2.06414161525325)
Greedy factor >>>>>>>> 2.0
Q: 
[[ 0.          0.          0.          1.79727907  0.        ]
 [ 4.36218695  0.          2.8         0.          0.        ]
 [ 3.9955222   0.          0.          0.          0.        ]
 [ 3.88980361  0.          0.          0.          0.        ]
 [ 3.41790173  0.          0.          0.          0.        ]
 [ 3.42553647  0.          0.          0.          0.        ]
 [ 3.03799178  0.          0.          0.          0.        ]
 [ 2.85677283  0.          0.          0.          0.        ]
 [ 2.54045464  0.          0.          0.          0.        ]
 [ 2.41186435  0.          0.          0.          0.        ]
 [ 2.16744679  0.          0.          0.          0.        ]
 [ 1.55472731  0.          0.          0.          0.        ]
 [ 1.21927536  0.          0.          0.          0.        ]
 [ 1.06253429  0.          0.          0.          0.        ]
 [ 0.08194171  0.          0.          0.          0.        ]
 [-0.23460487 -0.2486117  -0.23319106 -0.11551634 -0.24825242]
 [-1.11491169 -1.11262993 -1.10746597 -1.11166532 -1.11037691]
 [-1.94238694 -1.92365609 -1.92568113 -1.90672542 -1.93370241]
 [-2.59819905 -2.58724128 -2.59332343 -2.56977283 -2.60130886]
 [-3.14091945 -3.12651054 -3.12475174 -3.11870115 -3.12230935]
 [-3.57016511 -3.54573067 -3.56166427 -3.5468835  -3.5472479 ]
 [-4.01490233 -3.98994878 -3.99784829 -3.97930273 -4.00578295]
 [-4.00749026 -3.99330644 -3.98925102 -3.9797594  -4.00142041]
 [-4.33983841 -4.37104402 -4.3475897  -4.325796   -4.32174606]
 [-4.82356548 -4.85110832 -4.84182822 -4.83001139 -4.827195  ]
 [-5.01942231 -5.04791023 -5.02664062 -5.00020203 -4.99748255]
 [-5.12564669 -5.17730767 -5.13458275 -5.12915396 -5.14226296]
 [-5.17361515 -5.20715597 -5.16242398 -5.16825645 -5.18778819]
 [-5.22230904 -5.1845018  -5.1914986  -5.18527234 -5.18003999]
 [-5.06430357 -5.00610799 -5.02538373 -4.98401351 -4.99109924]
 [-4.61438141 -4.69241711 -4.6439598  -4.61338898 -4.60483958]
 [-3.98389124 -4.03675934 -3.98005262 -3.98888787 -3.97475649]
 [-3.33436991 -3.35393064 -3.27611155 -3.24596042 -3.27333494]
 [-3.17225933 -3.15817228 -3.13185842 -3.1524156  -3.17291332]
 [-3.33306853 -3.39438151 -3.3303692  -3.35016636 -3.32494658]
 [-2.28725135 -2.35884689 -2.32846471 -2.28824886 -2.33205761]
 [-2.15300689 -2.24255876 -2.19250017 -2.13680308 -2.18694769]
 [-2.17347815 -2.18754486 -2.15215648 -2.16005637 -2.15716193]
 [-1.75406308 -1.75259285 -1.690318   -1.64328539 -1.65391662]
 [-2.17592622 -2.15758827 -2.12111919 -2.07905815 -2.06414162]]
Selected Policy: 
(3, 0, 0, 0, 0, 0, 0, 0, 0, 0, 0, 0, 0, 0, 0, 3, 2, 3, 3, 3, 1, 3, 3, 4, 0, 4, 0, 2, 4, 3, 4, 4, 3, 2, 4, 0, 3, 2, 3, 4)
Value: 
(1.7972790693874063, 4.362186951201556, 3.995522199492033, 3.8898036056758576, 3.4179017287247793, 3.425536473662176, 3.0379917776348275, 2.8567728323656416, 2.5404546350107617, 2.4118643532017514, 2.1674467918832314, 1.5547273076834836, 1.2192753592072085, 1.0625342859424285, 0.08194170686539737, -0.115516337748222, -1.1074659690507562, -1.9067254158102966, -2.569772828362519, -3.118701146854853, -3.5457306659207903, -3.979302726120256, -3.979759404853529, -4.321746062148959, -4.823565480640638, -4.9974825525018485, -5.125646690218019, -5.162423984719194, -5.180039989122044, -4.9840135107771255, -4.60483957937099, -3.9747564916763127, -3.24596041712449, -3.1318584162879377, -3.324946581956617, -2.28725134846777, -2.136803082266156, -2.152156477601592, -1.6432853922079143, -2.06414161525325)
(0.98697008661154262, [0.60156453987695113, 0.53230022077637551, 0.19879471737948587, 0.1177860088568858, -0.099874474623971282, 0.30526048472423711, -0.58407155037166103, -0.42444262054017595, -0.42444262054017595, -1.1415663272280885, -1.1415663272280885], 0.98352031903308368, [0.60156453987695113, 0.53230022077637551, 0.19879471737948587, 0.1177860088568858, -0.099874474623971282, 0.30526048472423711, -0.58407155037166103, -0.42444262054017595, -0.42444262054017595, -1.1415663272280885, -1.1415663272280885])
